<?xml version="1.0" encoding="UTF-8" standalone="no" ?>
<SimscapeMultibodyImportXML version="2.0" xmlns="urn:mathworks:SimscapeMultibody:import" xmlns:xsi="http://www.w3.org/2001/XMLSchema-instance">
<Created by="" on="07/06/18||20:53:13" using="Simscape Multibody Link Version 5.0" from="SolidWorks 22.4.0"/>
<ModelUnits mass="kilogram" length="millimeter"/>
<DataUnits mass="kilogram" length="meter"/>
<RootAssembly name="test model" uid="test model" version="185">
<AssemblyFile name="test model.SLDASM" type="SolidWorks Assembly"/>
<InstanceTree>
<Instance name="model-2" uid="model-2" entityUid="model">
<Transform>
<Rotation>0.071529986002535823 0.99743844978147744 -1.1957719584420364e-016 -0.99743844978147744 0.071529986002535823 6.0053412883826453e-016 6.0754918565425829e-016 0 0.99999999999999989</Rotation>
<Translation>0.27349128928999034 0.60033557306577479 0.76172316425422559</Translation>
</Transform>
<Instance name="part5-m1-4" uid="part5-m1-4" entityUid="part5-m1*:*Default">
<Transform>
<Rotation>5.3323902716356851e-016 0.98591386815062432 0.16725383280592732 1.6093787831326126e-016 -0.16725383280592732 0.98591386815062432 0.99999999999999978 -4.9881027492818108e-016 -2.4785715723458949e-016</Rotation>
<Translation>0.039951533136112105 -0.039951533139404583 -0.0049999999999958966</Translation>
</Transform>
</Instance>
<Instance name="Part3-m1-1" uid="Part3-m1-1" entityUid="Part3-m1*:*Default">
<Transform>
<Rotation>0.86602540378440096 0 -0.50000000000006495 -0.50000000000006506 0 -0.86602540378440085 0 0.99999999999999989 0</Rotation>
<Translation>-1.4954704141700859e-013 1.1579626146840383e-013 0.010000000000003229</Translation>
</Transform>
</Instance>
<Instance name="ISO 7045 - M3 x 25 - Z --- 25S-3" uid="ISO 7045 - M3 x 25 - Z --- 25S-3" entityUid="ISO 7045 - M3 x 25 - Z --- 25S*:*ISO 7045 - M3 x 25 - Z --- 25S">
<Transform>
<Rotation>-6.7357395304559306e-016 -0.13828726239135822 -0.99039216124740381 0 -0.99039216124740381 0.13828726239135822 -0.99999999999999978 1.5520144596150491e-016 6.5843773353686085e-016</Rotation>
<Translation>0.012557368353523612 -0.0072500000027572176 0.027400000000003977</Translation>
</Transform>
</Instance>
<Instance name="Hexagon Nut ISO - 4032 - M3 - D - S-4" uid="Hexagon Nut ISO - 4032 - M3 - D - S-4" entityUid="Hexagon Nut ISO - 4032 - M3 - D - S*:*Hexagon Nut ISO - 4032 - M3 - D - S">
<Transform>
<Rotation>-0.96782379015350173 -0.25162891569315055 -6.7781698448137887e-016 -0.25162891569315055 0.96782379015350173 0 6.7257499133556911e-016 1.0683552456797016e-016 -0.99999999999999978</Rotation>
<Translation>0.012557368353524057 -0.007250000002757051 0.0026000000000041545</Translation>
</Transform>
</Instance>
<Instance name="Hexagon Nut ISO - 4032 - M3 - D - S-5" uid="Hexagon Nut ISO - 4032 - M3 - D - S-5" entityUid="Hexagon Nut ISO - 4032 - M3 - D - S*:*Hexagon Nut ISO - 4032 - M3 - D - S">
<Transform>
<Rotation>-0.96782379015350173 -0.25162891569315055 -6.7781698448137887e-016 -0.25162891569315055 0.96782379015350173 0 6.7257499133556911e-016 1.0683552456797016e-016 -0.99999999999999978</Rotation>
<Translation>-1.4389600622166654e-012 0.014499999997191315 0.0026000000000041545</Translation>
</Transform>
</Instance>
<Instance name="Hexagon Nut ISO - 4032 - M3 - D - S-6" uid="Hexagon Nut ISO - 4032 - M3 - D - S-6" entityUid="Hexagon Nut ISO - 4032 - M3 - D - S*:*Hexagon Nut ISO - 4032 - M3 - D - S">
<Transform>
<Rotation>-0.96782379015350173 -0.25162891569315055 -6.7781698448137887e-016 -0.25162891569315055 0.96782379015350173 0 6.7257499133556911e-016 1.0683552456797016e-016 -0.99999999999999978</Rotation>
<Translation>-0.012557368356224563 -0.007250000002858914 0.0026000000000041545</Translation>
</Transform>
</Instance>
<Instance name="ISO 7045 - M3 x 25 - Z --- 25S-1" uid="ISO 7045 - M3 x 25 - Z --- 25S-1" entityUid="ISO 7045 - M3 x 25 - Z --- 25S*:*ISO 7045 - M3 x 25 - Z --- 25S">
<Transform>
<Rotation>-6.7357395304559316e-016 -0.13008810765373224 -0.99150243784222292 0 -0.99150243784222292 0.13008810765373224 -1 1.4974827520947827e-016 6.5969931927012299e-016</Rotation>
<Translation>-1.4411805082659157e-012 0.014499999997191038 0.027400000000003977</Translation>
</Transform>
</Instance>
<Instance name="Part2-m1-2" uid="Part2-m1-2" entityUid="Part2-m1*:*Default">
<Transform>
<Rotation>-0.73280847760554768 -0.68043496026397643 6.6366409911740652e-016 0.68043496026397632 -0.7328084776055479 3.1036363225930046e-016 2.7515641233196047e-016 6.790173557716537e-016 0.99999999999999978</Rotation>
<Translation>-1.3886669592011458e-012 -2.8574920207802279e-012 0.018000000000004346</Translation>
</Transform>
</Instance>
<Instance name="Part1-m1-1" uid="Part1-m1-1" entityUid="Part1-m1*:*Default">
<Transform>
<Rotation>-0.7328084776055559 -0.68043496026396766 1.0486939299059997e-015 0.68043496026396766 -0.73280847760555601 1.8388001196556021e-015 -4.826920841026354e-016 2.0610563288303893e-015 0.99999999999999989</Rotation>
<Translation>-1.3532508447156033e-012 -2.8513857941447895e-012 0.031000000000004357</Translation>
</Transform>
</Instance>
<Instance name="gripper assem-1" uid="gripper assem-1" entityUid="gripper assem">
<Transform>
<Rotation>0.30398036675130286 -0.68043496026396943 -0.6667864736782787 -0.28225501627286687 -0.73280847760555434 0.61913152151883966 -0.90990551290699806 1.0109030152513267e-015 -0.4148155705629345</Rotation>
<Translation>-0.23150289862916018 0.21154595008704991 0.14080361076754544</Translation>
</Transform>
<Instance name="ISO 7045 - M4 x 35 - Z --- 35S-3" uid="ISO 7045 - M4 x 35 - Z --- 35S-3" entityUid="ISO 7045 - M4 x 35 - Z --- 35S*:*ISO 7045 - M4 x 35 - Z --- 35S">
<Transform>
<Rotation>0 0.20666248250012709 -0.97841229465235391 -1 2.4971977924669428e-015 4.5228042906099712e-016 2.663812451758575e-015 0.97841229465235369 0.20666248250012714</Rotation>
<Translation>-0.024999999999988365 0.019099999999419331 7.7493567118835927e-013</Translation>
</Transform>
</Instance>
<Instance name="Spring Pin ISO 13337 - 4 x 8 - St-1" uid="Spring Pin ISO 13337 - 4 x 8 - St-1" entityUid="Spring Pin ISO 13337 - 4 x 8 - St*:*Spring Pin ISO 13337 - 4 x 8 - St">
<Transform>
<Rotation>0.74015819466041344 -0.14899693179152579 0.65571774506547309 0.67243278242292537 0.16400345570132494 -0.72175966889331389 5.5333515547317802e-013 0.97514244130523564 0.22157892310701627</Rotation>
<Translation>-0.0068780538956110249 0.0076761843866130497 0.01800000000129709</Translation>
</Transform>
</Instance>
<Instance name="ISO 7045 - M2.5 x 20 - Z --- 20S-2" uid="ISO 7045 - M2.5 x 20 - Z --- 20S-2" entityUid="ISO 7045 - M2.5 x 20 - Z --- 20S*:*ISO 7045 - M2.5 x 20 - Z --- 20S">
<Transform>
<Rotation>0.74015819466041366 -0.62805874825028718 -0.24022501040341213 0.67243278242292515 0.69131494090874812 0.26441975266476803 5.5344617777564054e-013 -0.35724761891805035 0.9340097102157896</Rotation>
<Translation>0.0066949408301213431 -0.017822517819066908 0.018000000001227145</Translation>
</Transform>
</Instance>
<Instance name="ISO 7045 - M3 x 10 - Z --- 10S-5" uid="ISO 7045 - M3 x 10 - Z --- 10S-5" entityUid="ISO 7045 - M3 x 10 - Z --- 10S*:*ISO 7045 - M3 x 10 - Z --- 10S">
<Transform>
<Rotation>0.74015819466041344 -0.15700731148722263 0.65384596887691482 0.67243278242292537 0.17282061680514488 -0.71969937302324483 5.5344617777564054e-013 0.97235885276303391 0.23349145905869118</Rotation>
<Translation>0.0054857906248533261 -0.013219883155832501 0.058410797368127709</Translation>
</Transform>
</Instance>
<Instance name="Hexagon Thin Nut ISO - 4035 - M3 - N-2" uid="Hexagon Thin Nut ISO - 4035 - M3 - N-2" entityUid="Hexagon Thin Nut ISO - 4035 - M3 - N*:*Hexagon Thin Nut ISO - 4035 - M3 - N">
<Transform>
<Rotation>-0.33151366466056786 0.58503379134914812 0.74015819466041299 0.364902726270735 -0.64395663944333004 0.67243278242292592 0.87002568381830292 0.49300639904213656 5.5383475583425934e-013</Rotation>
<Translation>0.025829609080153748 -0.018213161336408212 0.034358589820889351</Translation>
</Transform>
</Instance>
<Instance name="Spring Pin ISO 13337 - 6 x 22 - St-3" uid="Spring Pin ISO 13337 - 6 x 22 - St-3" entityUid="Spring Pin ISO 13337 - 6 x 22 - St*:*Spring Pin ISO 13337 - 6 x 22 - St">
<Transform>
<Rotation>1.5253087292878574e-016 -0.97685065854669872 -0.21392239456606937 -1 3.6288455025171453e-016 -2.3700879276667098e-015 2.3928510848956838e-015 0.21392239456606937 -0.97685065854669872</Rotation>
<Translation>-0.004400000000007287 0.010999999999422722 -0.026999999999281932</Translation>
</Transform>
</Instance>
<Instance name="Hexagon Thin Nut ISO - 4035 - M2.5 - N-3" uid="Hexagon Thin Nut ISO - 4035 - M2.5 - N-3" entityUid="Hexagon Thin Nut ISO - 4035 - M2.5 - N*:*Hexagon Thin Nut ISO - 4035 - M2.5 - N">
<Transform>
<Rotation>0.67202511396333453 0.023411387818857977 0.74015819466041333 -0.73970946705679386 -0.025769312554201708 0.6724327824229257 0.03481595250917472 -0.99939374095042188 5.5315821367862839e-013</Rotation>
<Translation>0.022756373654273965 -0.0032307264404874969 0.01800000000124713</Translation>
</Transform>
</Instance>
<Instance name="Hexagon Thin Nut ISO - 4035 - M4 - N-5" uid="Hexagon Thin Nut ISO - 4035 - M4 - N-5" entityUid="Hexagon Thin Nut ISO - 4035 - M4 - N*:*Hexagon Thin Nut ISO - 4035 - M4 - N">
<Transform>
<Rotation>-0.42664970594961071 0.90441695495667851 -2.8406140272111443e-016 -2.4574373779601884e-015 -1.4733539990758345e-015 -0.99999999999999989 -0.90441695495667851 -0.42664970594961071 2.8511540808368657e-015</Rotation>
<Translation>-0.0044000000000228301 -0.01820000000056779 -0.026999999999284596</Translation>
</Transform>
</Instance>
<Instance name="Hexagon Thin Nut ISO - 4035 - M2.5 - N-4" uid="Hexagon Thin Nut ISO - 4035 - M2.5 - N-4" entityUid="Hexagon Thin Nut ISO - 4035 - M2.5 - N*:*Hexagon Thin Nut ISO - 4035 - M2.5 - N">
<Transform>
<Rotation>0.67202511396333475 0.02341138781885516 0.74015819466041299 -0.73970946705679386 -0.025769312554198121 0.67243278242292581 0.034815952509170169 -0.99939374095042199 5.5348087224516007e-013</Rotation>
<Translation>0.0039282557464512813 0.017493703009991646 0.018000000001303307</Translation>
</Transform>
</Instance>
<Instance name="ISO 7045 - M2.5 x 20 - Z --- 20S-1" uid="ISO 7045 - M2.5 x 20 - Z --- 20S-1" entityUid="ISO 7045 - M2.5 x 20 - Z --- 20S*:*ISO 7045 - M2.5 x 20 - Z --- 20S">
<Transform>
<Rotation>0.74015819466041355 -0.66678368293871637 0.086979118434934777 0.67243278242292526 0.73394013482594989 -0.095739394267089203 5.5327964432194676e-013 0.12934990784050668 0.99159901237428216</Rotation>
<Translation>-0.01213317707770134 0.0029019116314098481 0.018000000001279992</Translation>
</Transform>
</Instance>
<Instance name="Spring Pin ISO 13337 - 6 x 22 - St-2" uid="Spring Pin ISO 13337 - 6 x 22 - St-2" entityUid="Spring Pin ISO 13337 - 6 x 22 - St*:*Spring Pin ISO 13337 - 6 x 22 - St">
<Transform>
<Rotation>0 -0.97685065854669884 -0.21392239456606876 -1 4.7602820331527749e-016 -2.4259090444690128e-015 2.4715839407981354e-015 0.21392239456606876 -0.97685065854669884</Rotation>
<Translation>-0.024999999999989475 0.010999999999419002 7.7388095931496537e-013</Translation>
</Transform>
</Instance>
<Instance name="Hexagon Thin Nut ISO - 4035 - M4 - N-1" uid="Hexagon Thin Nut ISO - 4035 - M4 - N-1" entityUid="Hexagon Thin Nut ISO - 4035 - M4 - N*:*Hexagon Thin Nut ISO - 4035 - M4 - N">
<Transform>
<Rotation>-0.21998087370493671 0.6354323426463675 0.74015819466041322 0.24213668725974941 -0.69943118160819528 0.67243278242292592 0.94497525887553646 0.32714180428846606 5.5366822238056557e-013</Rotation>
<Translation>0.013580822710494989 -0.0041358589598232132 0.044000000001239492</Translation>
</Transform>
</Instance>
<Instance name="Hexagon Thin Nut ISO - 4035 - M4 - N-4" uid="Hexagon Thin Nut ISO - 4035 - M4 - N-4" entityUid="Hexagon Thin Nut ISO - 4035 - M4 - N*:*Hexagon Thin Nut ISO - 4035 - M4 - N">
<Transform>
<Rotation>-0.42664970594961049 0.90441695495667851 -4.6035004141370784e-016 -3.2345934951977975e-015 -2.0284655113884126e-015 -0.99999999999999978 -0.90441695495667862 -0.42664970594961038 3.7669469037077669e-015</Rotation>
<Translation>-0.025000000000001465 -0.01820000000057051 7.7365891471004034e-013</Translation>
</Transform>
</Instance>
<Instance name="ISO 7045 - M1.6 x 3 - Z --- 3S-3" uid="ISO 7045 - M1.6 x 3 - Z --- 3S-3" entityUid="ISO 7045 - M1.6 x 3 - Z --- 3S*:*ISO 7045 - M1.6 x 3 - Z --- 3S">
<Transform>
<Rotation>0.74015819466041366 -0.15700731148721936 0.65384596887691548 0.67243278242292526 0.17282061680514135 -0.71969937302324594 5.5344617777564054e-013 0.97235885276303513 0.2334914590586864</Rotation>
<Translation>-0.004719955919318064 -0.016708905589124801 0.028000000001265901</Translation>
</Transform>
</Instance>
<Instance name="ISO 7045 - M3 x 10 - Z --- 10S-3" uid="ISO 7045 - M3 x 10 - Z --- 10S-3" entityUid="ISO 7045 - M3 x 10 - Z --- 10S*:*ISO 7045 - M3 x 10 - Z --- 10S">
<Transform>
<Rotation>0.74015819466041344 -0.15700731148721506 0.65384596887691693 0.67243278242292548 0.17282061680513619 -0.71969937302324694 5.5350168892687179e-013 0.97235885276303669 0.23349145905867957</Rotation>
<Translation>-0.010625277094060248 0.0045138429630107169 0.083020476079403993</Translation>
</Transform>
</Instance>
<Instance name="Hexagon Thin Nut ISO - 4035 - M4 - N-2" uid="Hexagon Thin Nut ISO - 4035 - M4 - N-2" entityUid="Hexagon Thin Nut ISO - 4035 - M4 - N*:*Hexagon Thin Nut ISO - 4035 - M4 - N">
<Transform>
<Rotation>-0.21998087370493224 0.63543234264636883 0.74015819466041344 0.24213668725974452 -0.69943118160819728 0.6724327824229257 0.94497525887553879 0.32714180428845929 5.5372373353179682e-013</Rotation>
<Translation>0.0021494654093161536 0.0084468303493862584 0.04400000000128701</Translation>
</Transform>
</Instance>
<Instance name="Spring Pin ISO 13337 - 4 x 8 - St-2" uid="Spring Pin ISO 13337 - 4 x 8 - St-2" entityUid="Spring Pin ISO 13337 - 4 x 8 - St*:*Spring Pin ISO 13337 - 4 x 8 - St">
<Transform>
<Rotation>0.74015819466041366 -0.15700731148722641 0.65384596887691382 0.67243278242292526 0.17282061680514918 -0.71969937302324394 5.5339066662440928e-013 0.97235885276303247 0.23349145905869684</Rotation>
<Translation>0.011950064012215655 -0.01304824506386365 0.018000000001242134</Translation>
</Transform>
</Instance>
<Instance name="ISO 7045 - M4 x 35 - Z --- 35S-4" uid="ISO 7045 - M4 x 35 - Z --- 35S-4" entityUid="ISO 7045 - M4 x 35 - Z --- 35S*:*ISO 7045 - M4 x 35 - Z --- 35S">
<Transform>
<Rotation>4.0782890283906589e-016 0.20666248250012711 -0.97841229465235402 -1 1.926734725784321e-015 0 1.8831036796639499e-015 0.97841229465235402 0.20666248250012711</Rotation>
<Translation>-0.0044000000000110617 0.019099999999419942 -0.026999999999284707</Translation>
</Transform>
</Instance>
<Instance name="ISO 7045 - M3 x 10 - Z --- 10S-4" uid="ISO 7045 - M3 x 10 - Z --- 10S-4" entityUid="ISO 7045 - M3 x 10 - Z --- 10S*:*ISO 7045 - M3 x 10 - Z --- 10S">
<Transform>
<Rotation>0.74015819466041344 -0.157007311487215 0.65384596887691693 0.67243278242292548 0.17282061680513619 -0.71969937302324694 5.5355720007810305e-013 0.97235885276303669 0.23349145905867957</Rotation>
<Translation>-0.0087454970057954107 0.0024447370644795074 0.058177263171238724</Translation>
</Transform>
</Instance>
<Instance name="ISO 7045 - M3 x 10 - Z --- 10S-2" uid="ISO 7045 - M3 x 10 - Z --- 10S-2" entityUid="ISO 7045 - M3 x 10 - Z --- 10S*:*ISO 7045 - M3 x 10 - Z --- 10S">
<Transform>
<Rotation>0.74015819466041344 -0.15700731148721875 0.65384596887691593 0.67243278242292548 0.17282061680514041 -0.71969937302324594 5.5355720007810305e-013 0.97235885276303524 0.23349145905868524</Rotation>
<Translation>0.0054857906248906296 -0.013219883155872053 0.083410797367981404</Translation>
</Transform>
</Instance>
<Instance name="ISO 7045 - M1.6 x 3 - Z --- 3S-4" uid="ISO 7045 - M1.6 x 3 - Z --- 3S-4" entityUid="ISO 7045 - M1.6 x 3 - Z --- 3S*:*ISO 7045 - M1.6 x 3 - Z --- 3S">
<Transform>
<Rotation>0.74015819466041322 -0.63555984223428463 0.2196122351240225 0.67243278242292559 0.69957152257151212 -0.24173092050860706 5.5333515547317802e-013 0.32659358803581473 0.94516486829224255</Rotation>
<Translation>-0.00057288503821517622 -0.024247931985458326 0.025445125424734538</Translation>
</Transform>
</Instance>
<Instance name="Part8 t308-1" uid="Part8 t308-1" entityUid="Part8 t308*:*Default">
<Transform>
<Rotation>-0.67243278242292526 -0.74015819466041366 -7.4848565253321103e-013 0.74015819466041366 -0.67243278242292515 1.067980332054602e-015 -5.0409676433105233e-013 -5.5327964432194676e-013 0.99999999999999978</Rotation>
<Translation>0.0055000000003611049 1.5434875599851239e-012 0.012999999998402734</Translation>
</Transform>
</Instance>
<Instance name="servo-3" uid="servo-3" entityUid="servo">
<Transform>
<Rotation>-0.67243278242292548 -0.74015819466041333 -7.4448784860467107e-013 0.74015819466041344 -0.67243278242292548 -3.2499176988256174e-015 -4.982125823005391e-013 -5.532241331707154e-013 0.99999999999999978</Rotation>
<Translation>0.011787982491131777 0.0057193794429907796 0.027999999998705505</Translation>
</Transform>
<Instance name="Part3 bottom cover-1" uid="Part3 bottom cover-1" entityUid="Part3 bottom cover*:*Default">
<Transform>
<Rotation>1 0 0 0 1 0 0 0 1</Rotation>
<Translation>4.864997293907436e-013 -0.0049999999995590239 -6.8445249468140901e-013</Translation>
</Transform>
</Instance>
<Instance name="Part7-1" uid="Part7-1" entityUid="Part7*:*Default">
<Transform>
<Rotation>-0.29198566587671898 5.0280671525812069e-016 0.95642269469232555 0 -1 5.4266296543802368e-016 0.95642269469232555 2.115419321561291e-016 0.29198566587671898</Rotation>
<Translation>-0.0054999999948228684 0.026500000000307056 -1.4542811399564926e-011</Translation>
</Transform>
</Instance>
<Instance name="Part4 middle cover-1" uid="Part4 middle cover-1" grounded="true" entityUid="Part4 middle cover*:*Default">
<Transform>
<Rotation>1 0 0 0 1 0 0 0 1</Rotation>
<Translation>0 0 0</Translation>
</Transform>
</Instance>
<Instance name="gear4-1" uid="gear4-1" entityUid="gear4*:*Default">
<Transform>
<Rotation>3.3306690738754696e-016 -0.86893590746135763 -0.49492462933693909 -1 -1.6653345369377348e-016 -1.6653345369377348e-016 0 0.49492462933693904 -0.86893590746135774</Rotation>
<Translation>-0.0050644821462302314 -0.03567447746141772 -0.0011893620552887452</Translation>
</Transform>
</Instance>
<Instance name="Part5 upper cover-1" uid="Part5 upper cover-1" entityUid="Part5 upper cover*:*Default">
<Transform>
<Rotation>1 0 0 0 1 0 0 0 1</Rotation>
<Translation>5.369038547087257e-013 0.016500000000430171 -7.0965455734040006e-013</Translation>
</Transform>
</Instance>
</Instance>
<Instance name="Part3 t307-1" uid="Part3 t307-1" entityUid="Part3 t307*:*Default">
<Transform>
<Rotation>-0.6724327824229257 -7.5367490026678752e-013 0.74015819466041322 0.7401581946604131 6.3171218282697417e-015 0.6724327824229257 -5.113687251423471e-013 1 5.5366822238056557e-013</Rotation>
<Translation>0.0044067416394930614 -0.00102733816986883 0.058410797364229938</Translation>
</Transform>
</Instance>
<Instance name="ISO 7045 - M4 x 12 - Z --- 12S-1" uid="ISO 7045 - M4 x 12 - Z --- 12S-1" entityUid="ISO 7045 - M4 x 12 - Z --- 12S*:*ISO 7045 - M4 x 12 - Z --- 12S">
<Transform>
<Rotation>0.74015819466041355 0.62616899307004004 0.24510862692832591 0.67243278242292526 -0.68923485525688832 -0.26979523239297415 5.5327964432194676e-013 0.36451022813724748 -0.93119938444101824</Rotation>
<Translation>0.0022564023321929305 -0.014424080530893557 0.044000000001245265</Translation>
</Transform>
</Instance>
<Instance name="ISO 7045 - M1.6 x 8 - Z --- 8S-6" uid="ISO 7045 - M1.6 x 8 - Z --- 8S-6" entityUid="ISO 7045 - M1.6 x 8 - Z --- 8S*:*ISO 7045 - M1.6 x 8 - Z --- 8S">
<Transform>
<Rotation>-1.7208456881689926e-015 0.51996434936520586 0.85418796256398877 -5.994732514497996e-016 0.85418796256398877 -0.51996434936520575 -0.99999999999999989 -1.4155343563970746e-015 -1.1102230246251565e-015</Rotation>
<Translation>-0.013999999999265711 9.2523211314698983e-013 0.0037999999988065913</Translation>
</Transform>
</Instance>
<Instance name="Part7 t308-1" uid="Part7 t308-1" grounded="true" entityUid="Part7 t308*:*Default">
<Transform>
<Rotation>1 0 0 0 1 0 0 0 1</Rotation>
<Translation>0 0 0</Translation>
</Transform>
</Instance>
<Instance name="servo-1" uid="servo-1" entityUid="servo">
<Transform>
<Rotation>-1 5.8286708792820718e-015 8.8400410001123334e-014 8.8385667724734484e-014 1.6541851248436961e-015 0.99999999999999989 5.8286708792820718e-015 0.99999999999999989 -1.5690553629695623e-015</Rotation>
<Translation>1.1168843627729075e-012 7.3435701963830979e-013 -0.015000000001014591</Translation>
</Transform>
<Instance name="gear4-1" uid="gear4-1" entityUid="gear4*:*Default">
<Transform>
<Rotation>1.4432899320127035e-015 0.99395867607047594 0.10975495553380191 -1 1.3877787807814457e-015 -1.1032841307212493e-015 -1.2620133498251107e-015 -0.10975495553380192 0.99395867607047594</Rotation>
<Translation>-0.0063714672562049657 -0.035674477460236553 0.00091913150557967893</Translation>
</Transform>
</Instance>
<Instance name="Part7-1" uid="Part7-1" entityUid="Part7*:*Default">
<Transform>
<Rotation>-0.74015819466033683 3.9968028886505635e-015 0.67243278242300975 -3.219646771412954e-015 -1 1.9984014443252818e-015 0.67243278242300986 -7.6241298874397325e-016 0.74015819466033683</Rotation>
<Translation>-0.0054999999998748272 0.026500000000721391 -1.2130851878566773e-012</Translation>
</Transform>
</Instance>
<Instance name="Part4 middle cover-1" uid="Part4 middle cover-1" grounded="true" entityUid="Part4 middle cover*:*Default">
<Transform>
<Rotation>1 0 0 0 1 0 0 0 1</Rotation>
<Translation>0 0 0</Translation>
</Transform>
</Instance>
<Instance name="Part5 upper cover-1" uid="Part5 upper cover-1" entityUid="Part5 upper cover*:*Default">
<Transform>
<Rotation>1 0 0 0 1 0 0 0 1</Rotation>
<Translation>1.7186252421197423e-013 0.016500000000711668 -1.3197221093719236e-012</Translation>
</Transform>
</Instance>
<Instance name="Part3 bottom cover-1" uid="Part3 bottom cover-1" entityUid="Part3 bottom cover*:*Default">
<Transform>
<Rotation>1 0 0 0 1 0 0 0 1</Rotation>
<Translation>2.0983215165415459e-013 -0.004999999999310889 -1.3236634011093429e-012</Translation>
</Transform>
</Instance>
</Instance>
<Instance name="Part9 t308-2" uid="Part9 t308-2" entityUid="Part9 t308*:*Default">
<Transform>
<Rotation>0.55842254527500301 -0.37460660406034663 -0.74015819466041299 -0.61466518851064811 0.41233585722822025 -0.67243278242292592 0.55709152476209567 0.83045110213560636 -5.5366822238056557e-013</Rotation>
<Translation>0.0054118196248129635 -0.027786766290931464 0.029901857621784655</Translation>
</Transform>
</Instance>
<Instance name="ISO 7045 - M1.6 x 8 - Z --- 8S-7" uid="ISO 7045 - M1.6 x 8 - Z --- 8S-7" entityUid="ISO 7045 - M1.6 x 8 - Z --- 8S*:*ISO 7045 - M1.6 x 8 - Z --- 8S">
<Transform>
<Rotation>-1.3322676295501878e-015 0.92641584329535154 -0.37650190609260215 -1.0990736125311202e-015 -0.37650190609260209 -0.92641584329535154 -0.99999999999999989 -8.8817841970012523e-016 1.5265566588595902e-015</Rotation>
<Translation>0.014000000000750967 9.3663965472501332e-013 0.0037999999987609612</Translation>
</Transform>
</Instance>
<Instance name="Part10 t308-1" uid="Part10 t308-1" entityUid="Part10 t308*:*Default">
<Transform>
<Rotation>-0.66855781427047256 -0.74015819466041333 -0.07208533730881711 0.73589295134242305 -0.6724327824229257 0.079345556192520247 -0.10720080756424519 -5.5321006985831556e-013 0.99423738958941477</Rotation>
<Translation>0.011952474682241698 -0.0056152110811522604 0.044000000001233497</Translation>
</Transform>
</Instance>
<Instance name="part2 t307-1" uid="part2 t307-1" entityUid="part2 t307*:*Default">
<Transform>
<Rotation>0.74015819466041355 7.5334671271090514e-013 -0.67243278242292515 0.67243278242292526 -6.4186319054259356e-015 0.74015819466041344 5.5327964432194676e-013 -0.99999999999999989 -5.1132582916066781e-013</Rotation>
<Translation>0.0082516837117658781 -0.0089773749951596038 0.043999999997138217</Translation>
</Transform>
</Instance>
<Instance name="Part10 t308-2" uid="Part10 t308-2" entityUid="Part10 t308*:*Default">
<Transform>
<Rotation>-0.66855781427047323 -0.74015819466041333 -0.072085337308810768 0.73589295134242383 -0.67243278242292559 0.079345556192513295 -0.10720080756423578 -5.5319816817783452e-013 0.99423738958941565</Rotation>
<Translation>0.00052111738106308536 0.0069674782280585434 0.044000000001273798</Translation>
</Transform>
</Instance>
<Instance name="Part3 t307-2" uid="Part3 t307-2" entityUid="Part3 t307*:*Default">
<Transform>
<Rotation>0.66821563120645844 -0.075191203530680595 -0.74015819466041322 -0.73551630462691187 0.082764235941219871 -0.67243278242292581 0.11181965766056587 0.99372851632660408 -5.5370985574398901e-013</Rotation>
<Translation>0.003246776038954069 0.00024945568428980103 0.059267504833430351</Translation>
</Transform>
</Instance>
<Instance name="part1 t307-1" uid="part1 t307-1" entityUid="part1 t307*:*Default">
<Transform>
<Rotation>0.74015819466041355 0.075191203530680456 -0.66821563120645788 0.67243278242292526 -0.082764235941220468 0.73551630462691209 5.5327964432194676e-013 -0.99372851632660397 -0.1118196576605662</Rotation>
<Translation>-0.0031796735922389185 0.0036053143159477385 0.044000000001273243</Translation>
</Transform>
</Instance>
<Instance name="Part6 t308-2" uid="Part6 t308-2" entityUid="Part6 t308*:*Default">
<Transform>
<Rotation>1 -6.8278716014447143e-015 -8.485078795124633e-016 8.4850787951247434e-016 1.6209727978005166e-015 1 -6.8278716014447127e-015 -1 1.6209727978005224e-015</Rotation>
<Translation>0.002500000000518865 0.013500000000311541 0.0059999999990157371</Translation>
</Transform>
</Instance>
<Instance name="ISO 7045 - M4 x 12 - Z --- 12S-5" uid="ISO 7045 - M4 x 12 - Z --- 12S-5" entityUid="ISO 7045 - M4 x 12 - Z --- 12S*:*ISO 7045 - M4 x 12 - Z --- 12S">
<Transform>
<Rotation>0.74015819466041366 -0.056731239087149915 0.67003538219162262 0.67243278242292526 0.062445039267333385 -0.73751933547118886 5.5333515547317802e-013 0.99643473623842416 0.08436715247928056</Rotation>
<Translation>-0.0091749549693576071 -0.0018413912208216643 0.043999999999102091</Translation>
</Transform>
</Instance>
<Instance name="Part5 t308-2" uid="Part5 t308-2" entityUid="Part5 t308*:*Default">
<Transform>
<Rotation>-0.67243278242292592 -7.4889664969993675e-013 0.74015819466041299 0.74015819466041299 6.9458992662038619e-016 0.67243278242292592 -5.0409676433105233e-013 1 5.5383492719213655e-013</Rotation>
<Translation>0.0084572706150922716 0.0026934319222168268 0.027999999998398417</Translation>
</Transform>
</Instance>
<Instance name="Part6 t308-1" uid="Part6 t308-1" entityUid="Part6 t308*:*Default">
<Transform>
<Rotation>0.99999999999999989 -6.7723604502134581e-015 8.1682665742524923e-016 -8.1682665742526047e-016 -1.6541851248436965e-015 0.99999999999999989 -6.7723604502134549e-015 -1 -1.6541851248437019e-015</Rotation>
<Translation>0.002500000001196323 -0.013499999999343759 0.0059999999990157371</Translation>
</Transform>
</Instance>
<Instance name="ISO 7045 - M3 x 25 - Z --- 25S-1" uid="ISO 7045 - M3 x 25 - Z --- 25S-1" entityUid="ISO 7045 - M3 x 25 - Z --- 25S*:*ISO 7045 - M3 x 25 - Z --- 25S">
<Transform>
<Rotation>0.74015819466041333 -0.44709828080855546 0.50226384916204314 0.67243278242292559 0.49212867815014971 -0.55285035702724161 5.5333515547317812e-013 0.74693539977712953 0.66489661494083396</Rotation>
<Translation>0.0075477016720417733 -0.03482225106225173 0.034358589820871588</Translation>
</Transform>
</Instance>
<Instance name="ISO 7045 - M1.6 x 8 - Z --- 8S-5" uid="ISO 7045 - M1.6 x 8 - Z --- 8S-5" entityUid="ISO 7045 - M1.6 x 8 - Z --- 8S*:*ISO 7045 - M1.6 x 8 - Z --- 8S">
<Transform>
<Rotation>0.74015819466041366 0.50731017341725715 0.44136406154600943 0.67243278242292526 -0.55840493192013663 -0.48581692552877398 5.5339066662440928e-013 0.65636904250171635 -0.75443997776190241</Rotation>
<Translation>0.0072870673858911328 -0.017284571593135845 0.028000000001246805</Translation>
</Transform>
</Instance>
<Instance name="Spring Pin ISO 8752 - 5 x 14 - St-1" uid="Spring Pin ISO 8752 - 5 x 14 - St-1" entityUid="Spring Pin ISO 8752 - 5 x 14 - St*:*Spring Pin ISO 8752 - 5 x 14 - St">
<Transform>
<Rotation>-0.74015819466041322 0.1570073114872334 0.65384596887691271 -0.67243278242292581 -0.17282061680515656 -0.71969937302324183 -5.5344617777564054e-013 -0.97235885276302991 0.233491459058707</Rotation>
<Translation>0.020796533356458369 -0.022785704256881312 0.034358589820879248</Translation>
</Transform>
</Instance>
<Instance name="Part4 t308-2" uid="Part4 t308-2" entityUid="Part4 t308*:*Default">
<Transform>
<Rotation>0.67243278242292537 -7.4817929629489299e-013 -0.74015819466041344 -0.74015819466041322 9.3254015883773014e-016 -0.67243278242292559 5.0359716396997101e-013 1 -5.5316862201948425e-013</Rotation>
<Translation>0.002536005057783175 -0.0026860303371780692 0.027999999998412073</Translation>
</Transform>
</Instance>
<Instance name="ISO 7045 - M1.6 x 8 - Z --- 8S-4" uid="ISO 7045 - M1.6 x 8 - Z --- 8S-4" entityUid="ISO 7045 - M1.6 x 8 - Z --- 8S*:*ISO 7045 - M1.6 x 8 - Z --- 8S">
<Transform>
<Rotation>0.74015819466041344 -0.50443203432908146 0.44465061522465216 0.67243278242292537 0.55523691529765873 -0.48943449103399228 5.5333515547317802e-013 0.66125659968983663 0.75015978922269277</Rotation>
<Translation>-0.011541050521939322 0.0034398578573259231 0.028000000001309644</Translation>
</Transform>
</Instance>
</Instance>
<Instance name="Part4-m1-1" uid="Part4-m1-1" grounded="true" entityUid="Part4-m1*:*Default">
<Transform>
<Rotation>1 0 0 0 1 0 0 0 1</Rotation>
<Translation>0 0 0</Translation>
</Transform>
</Instance>
<Instance name="part6-m1-1" uid="part6-m1-1" entityUid="part6-m1*:*Default">
<Transform>
<Rotation>0.86602540378440729 0.50000000000005418 0 -0.50000000000005407 0.8660254037844074 0 0 0 0.99999999999999989</Rotation>
<Translation>-1.4288570326925765e-013 1.7097434579227411e-013 0.022000000000003239</Translation>
</Transform>
</Instance>
<Instance name="part5-m1-1" uid="part5-m1-1" entityUid="part5-m1*:*Default">
<Transform>
<Rotation>6.9217337037595498e-016 -0.16725383280591707 0.98591386815062632 1.506252657979071e-016 -0.98591386815062632 -0.16725383280591707 1 2.642721876055989e-016 -6.5723067199610396e-016</Rotation>
<Translation>-0.039951533138255835 -0.039951533140011264 -0.0049999999999958966</Translation>
</Transform>
</Instance>
<Instance name="ISO 15 ABB - 3735 - 38,DE,NC,38_68-1" uid="ISO 15 ABB - 3735 - 38,DE,NC,38_68-1" entityUid="ISO 15 ABB - 3735 - 38,DE,NC,38_68*:*ISO 15 ABB - 3735 - 38,DE,NC,38_68">
<Transform>
<Rotation>-4.4606097257893301e-015 -0.87766400492654773 0.47927642802071202 -1.5185540554214126e-014 -0.47927642802071202 -0.87766400492654773 0.99999999999999989 -1.1192988230737975e-014 -1.1189937243615325e-014</Rotation>
<Translation>2.1524193538624559e-010 1.8882329033687029e-010 0.018500000000490346</Translation>
</Transform>
</Instance>
<Instance name="servo-3" uid="servo-3" entityUid="servo">
<Transform>
<Rotation>0.73280847760553991 -6.7072516106188462e-016 0.68043496026398509 -0.68043496026398509 -1.8808703325562019e-016 0.73280847760553991 -3.6353209117004853e-016 -0.99999999999999978 -5.9421662081259934e-016</Rotation>
<Translation>0.0040304466255663973 -0.0037423922842406143 0.048500000000003873</Translation>
</Transform>
<Instance name="Part3 bottom cover-1" uid="Part3 bottom cover-1" entityUid="Part3 bottom cover*:*Default">
<Transform>
<Rotation>1 0 0 0 1 0 0 0 1</Rotation>
<Translation>-2.9454216843305403e-013 -0.0050000000000116618 1.8893220321558601e-013</Translation>
</Transform>
</Instance>
<Instance name="Part7-1" uid="Part7-1" entityUid="Part7*:*Default">
<Transform>
<Rotation>-0.15066444718490535 -7.9719924175642529e-016 -0.98858496061515466 1.1845575775339261e-016 -0.99999999999999978 7.883512308478434e-016 -0.98858496061515466 0 0.15066444718490535</Rotation>
<Translation>-0.0055000000811872285 0.026500000218507291 2.5747384779783999e-010</Translation>
</Transform>
</Instance>
<Instance name="Part4 middle cover-1" uid="Part4 middle cover-1" grounded="true" entityUid="Part4 middle cover*:*Default">
<Transform>
<Rotation>1 0 0 0 1 0 0 0 1</Rotation>
<Translation>0 0 0</Translation>
</Transform>
</Instance>
<Instance name="gear4-1" uid="gear4-1" entityUid="gear4*:*Default">
<Transform>
<Rotation>-2.4953150803954014e-016 0.41484468830730725 0.90989223789590234 -0.99999999999999978 -1.6164618607783327e-015 4.6274612665053306e-016 1.662773872652719e-015 -0.90989223789590234 0.41484468830730725</Rotation>
<Translation>-0.0051569598106784298 -0.035674477253595738 0.0012192546401200155</Translation>
</Transform>
</Instance>
<Instance name="Part5 upper cover-1" uid="Part5 upper cover-1" entityUid="Part5 upper cover*:*Default">
<Transform>
<Rotation>1 0 0 0 1 0 0 0 1</Rotation>
<Translation>-2.9554136915521667e-013 0.016499999999989079 1.9212409441138334e-013</Translation>
</Transform>
</Instance>
</Instance>
<Instance name="ISO 7045 - M3 x 25 - Z --- 25S-2" uid="ISO 7045 - M3 x 25 - Z --- 25S-2" entityUid="ISO 7045 - M3 x 25 - Z --- 25S*:*ISO 7045 - M3 x 25 - Z --- 25S">
<Transform>
<Rotation>-6.7357395304559306e-016 -0.13828726239135822 -0.99039216124740381 0 -0.99039216124740381 0.13828726239135822 -0.99999999999999978 1.5520144596150491e-016 6.5843773353686085e-016</Rotation>
<Translation>-0.012557368356226117 -0.0072500000028599687 0.027400000000003977</Translation>
</Transform>
</Instance>
<Instance name="part5-m1-2" uid="part5-m1-2" entityUid="part5-m1*:*Default">
<Transform>
<Rotation>6.818607578606013e-016 -0.98591386815062554 -0.16725383280592049 0 0.16725383280592049 -0.98591386815062554 1 6.7364570236711549e-016 1.0585179053766201e-016</Rotation>
<Translation>-0.039951533138862794 0.039951533134357065 -0.0049999999999958966</Translation>
</Transform>
</Instance>
<Instance name="part5-m1-3" uid="part5-m1-3" entityUid="part5-m1*:*Default">
<Transform>
<Rotation>5.2292641464821384e-016 0.16725383280592396 -0.98591386815062487 0 0.98591386815062498 0.16725383280592393 0.99999999999999978 0 5.1522530529918491e-016</Rotation>
<Translation>0.039951533135505701 0.039951533134963746 -0.0049999999999958966</Translation>
</Transform>
</Instance>
<Instance name="ISO 7045 - M3 x 25 - Z --- 25S-5" uid="ISO 7045 - M3 x 25 - Z --- 25S-5" entityUid="ISO 7045 - M3 x 25 - Z --- 25S*:*ISO 7045 - M3 x 25 - Z --- 25S">
<Transform>
<Rotation>-0.68043496026396744 0.73280847760555623 -3.392296980267324e-012 -0.73280847760555612 -0.68043496026396755 3.1528223399984094e-012 2.1774781632480283e-015 4.6311945293317905e-012 1</Rotation>
<Translation>-0.12182432455877612 0.1293564858134319 0.15966217963270335</Translation>
</Transform>
</Instance>
<Instance name="ISO 7045 - M1.6 x 8 - Z --- 8S-1" uid="ISO 7045 - M1.6 x 8 - Z --- 8S-1" entityUid="ISO 7045 - M1.6 x 8 - Z --- 8S*:*ISO 7045 - M1.6 x 8 - Z --- 8S">
<Transform>
<Rotation>-0.68043496026396777 0.73280847760555567 -3.4312012486942729e-012 -0.73280847760555579 -0.68043496026396788 3.1889468349364165e-012 2.1779899618462806e-015 4.6842842763277985e-012 0.99999999999999989</Rotation>
<Translation>-0.02352956234236292 0.0038350222470708295 0.092322264204011462</Translation>
</Transform>
</Instance>
<Instance name="Part11-m-1" uid="Part11-m-1" entityUid="Part11-m*:*Default">
<Transform>
<Rotation>-0.73272913012408847 0.010783631956247212 0.6804349602639691 0.68036128371402649 -0.010012930261973512 0.73280847760555512 0.014715484721847971 0.99989172139257221 -2.9386215683047112e-015</Rotation>
<Translation>-0.1491901946649774 0.10782384018524344 -0.042210137429015249</Translation>
</Transform>
</Instance>
<Instance name="ISO 7045 - M4 x 10 - Z --- 10S-3" uid="ISO 7045 - M4 x 10 - Z --- 10S-3" entityUid="ISO 7045 - M4 x 10 - Z --- 10S*:*ISO 7045 - M4 x 10 - Z --- 10S">
<Transform>
<Rotation>0.68043496026396744 -0.70721896605783885 0.19196249346852734 0.73280847760555634 0.65667432047164609 -0.17824301383933253 -2.17798996184629e-015 0.26195452063513397 0.96508021900711283</Rotation>
<Translation>-0.016999936462787191 -0.039618331117465266 0.10750000000000626</Translation>
</Transform>
</Instance>
<Instance name="ISO 7045 - M1.6 x 8 - Z --- 8S-2" uid="ISO 7045 - M1.6 x 8 - Z --- 8S-2" entityUid="ISO 7045 - M1.6 x 8 - Z --- 8S*:*ISO 7045 - M1.6 x 8 - Z --- 8S">
<Transform>
<Rotation>-0.68043496026396733 0.73280847760555634 -3.4310473447061783e-012 -0.73280847760555634 -0.68043496026396733 3.1888039304023838e-012 2.177989961846279e-015 4.6840742569396502e-012 1</Rotation>
<Translation>-0.018857044788340382 -0.00050355241924188165 0.083296226891207303</Translation>
</Transform>
</Instance>
<Instance name="Part4-m-1" uid="Part4-m-1" entityUid="Part4-m*:*Default">
<Transform>
<Rotation>-0.38139589756356462 -0.62573591408217655 0.68043496026396666 0.35413769127161882 0.58101482835658624 0.73280847760555701 -0.85388738422727073 0.5204578129469376 -2.6090241078691179e-015</Rotation>
<Translation>0.074377475834253137 -0.07042636158554666 0.079588058518716975</Translation>
</Transform>
</Instance>
<Instance name="Part3-m-1" uid="Part3-m-1" entityUid="Part3-m*:*Default">
<Transform>
<Rotation>-0.32784979449370755 -0.65537987236488093 0.68043496026396666 0.30441850593457598 0.60854014526075961 0.7328084776055569 -0.89433991608056607 0.44738810277543778 -8.6042284408449967e-016</Rotation>
<Translation>0.049060390694226741 -0.085127842952097382 0.084005798406950549</Translation>
</Transform>
</Instance>
<Instance name="Part1-m-2" uid="Part1-m-2" entityUid="Part1-m*:*Default">
<Transform>
<Rotation>0.73280847760555723 1.4465073423725061e-015 -0.68043496026396633 -0.68043496026396633 2.2672334868176323e-015 -0.73280847760555723 4.8269208410263283e-016 1 2.64570208587994e-015</Rotation>
<Translation>0.02551631100854479 0.027480317907355445 0.026000000000002799</Translation>
</Transform>
</Instance>
<Instance name="ISO 7045 - M1.6 x 8 - Z --- 8S-3" uid="ISO 7045 - M1.6 x 8 - Z --- 8S-3" entityUid="ISO 7045 - M1.6 x 8 - Z --- 8S*:*ISO 7045 - M1.6 x 8 - Z --- 8S">
<Transform>
<Rotation>-0.6804349602639681 0.73280847760555556 -3.4312100047889188e-012 -0.73280847760555567 -0.68043496026396788 3.188957121494939e-012 2.1795700862230926e-015 4.6842976922022237e-012 0.99999999999999978</Rotation>
<Translation>-0.024068695445662258 0.0043356237315372859 0.074837735795997284</Translation>
</Transform>
</Instance>
<Instance name="Part9-m-1" uid="Part9-m-1" entityUid="Part9-m*:*Default">
<Transform>
<Rotation>0.73233972925675672 -0.026206598457530969 -0.68043496026396655 -0.67999971316484475 0.024333623757153103 -0.73280847760555701 0.035761865833160184 0.99936033989353945 1.9646533977692341e-015</Rotation>
<Translation>-0.086251342066832382 0.060300105497331835 -0.041384190223024753</Translation>
</Transform>
</Instance>
<Instance name="ISO 7045 - M3 x 25 - Z --- 25S-4" uid="ISO 7045 - M3 x 25 - Z --- 25S-4" entityUid="ISO 7045 - M3 x 25 - Z --- 25S*:*ISO 7045 - M3 x 25 - Z --- 25S">
<Transform>
<Rotation>-0.68043496026396733 0.73280847760555623 -3.3923945985783553e-012 -0.73280847760555623 -0.68043496026396733 3.15291298156932e-012 2.177478163248031e-015 4.631327740551385e-012 0.99999999999999978</Rotation>
<Translation>-0.19254116401397425 0.1950192221424627 0.12574251364363986</Translation>
</Transform>
</Instance>
<Instance name="Parallel Pin ISO 8734 - 8 x 45 - A - St-1" uid="Parallel Pin ISO 8734 - 8 x 45 - A - St-1" entityUid="Parallel Pin ISO 8734 - 8 x 45 - A - St*:*Parallel Pin ISO 8734 - 8 x 45 - A - St">
<Transform>
<Rotation>-0.68043496026396733 0.71300160014425773 0.16922465258437192 -0.73280847760555645 -0.66204367210315274 -0.15713023699339304 2.177989961846279e-015 -0.23092616659854989 0.97297127685255869</Rotation>
<Translation>0.0004923991874405953 0.030246585639803203 0.083580000000014865</Translation>
</Transform>
</Instance>
<Instance name="Part9-m-2" uid="Part9-m-2" entityUid="Part9-m*:*Default">
<Transform>
