<?xml version="1.0" encoding="UTF-8" standalone="no" ?>
<SimscapeMultibodyImportXML version="2.0" xmlns="urn:mathworks:SimscapeMultibody:import" xmlns:xsi="http://www.w3.org/2001/XMLSchema-instance">
<Created by="" on="07/31/18||10:55:44" using="Simscape Multibody Link Version 5.0" from="SolidWorks 22.4.0"/>
<ModelUnits mass="kilogram" length="millimeter"/>
<DataUnits mass="kilogram" length="meter"/>
<RootAssembly name="testmodel" uid="testmodel" version="377">
<AssemblyFile name="testmodel.SLDASM" type="SolidWorks Assembly"/>
<InstanceTree>
<Instance name="box-9" uid="box-9" entityUid="box*:*Default">
<Transform>
<Rotation>0.99787199768969415 -2.2135196384243737e-016 0.065203345211569397 0.065203345211569452 1.4969020106392047e-016 -0.99787199768969415 1.5578416641011015e-016 1 1.6000759578569439e-016</Rotation>
<Translation>0.63902167731293191 0.57169642120227038 0.76672316425422582</Translation>
</Transform>
<VisualProperties>
<Ambient r="0.90980392156862744" g="0.44313725490196076" b="0.031372549019607843" a="1"/>
<Diffuse r="0.90980392156862744" g="0.44313725490196076" b="0.031372549019607843" a="1"/>
<Specular r="0.90980392156862744" g="0.44313725490196076" b="0.031372549019607843" a="1"/>
<Emissive r="0" g="0" b="0" a="1"/>
<Shininess>0.31</Shininess>
</VisualProperties>
</Instance>
<Instance name="model-3" uid="model-3" entityUid="model">
<Transform>
<Rotation>-0.99932420307210512 -0.036757817594388738 0 0.036757817594388738 -0.99932420307210512 1.2010677720010714e-016 0 1.1914652889702544e-016 1</Rotation>
<Translation>0.32680743616870483 0.59141462982766835 0.76172316425422604</Translation>
</Transform>
<Instance name="ISO 15 ABB - 3735 - 38,DE,NC,38_68-1" uid="ISO 15 ABB - 3735 - 38,DE,NC,38_68-1" entityUid="ISO 15 ABB - 3735 - 38,DE,NC,38_68*:*ISO 15 ABB - 3735 - 38,DE,NC,38_68">
<Transform>
<Rotation>2.9799567782553361e-015 0.80295363234078276 -0.59604149546046126 1.5815423171432822e-014 0.59604149546046126 0.80295363234078276 1 -1.181941559775951e-014 -1.0922873587989717e-014</Rotation>
<Translation>-4.47803683023551e-010 2.2595902926525469e-010 0.018500000000347794</Translation>
</Transform>
</Instance>
<Instance name="Part4-m1-1" uid="Part4-m1-1" grounded="true" entityUid="Part4-m1*:*Default">
<Transform>
<Rotation>1 0 0 0 1 0 0 0 1</Rotation>
<Translation>0 0 0</Translation>
</Transform>
</Instance>
<Instance name="part5-m1-3" uid="part5-m1-3" entityUid="part5-m1*:*Default">
<Transform>
<Rotation>0 -0.029307398892034365 0.99957044592674071 0 -0.99957044592674071 -0.029307398892034365 1 0 0</Rotation>
<Translation>0.039951532719051941 0.039951533333680178 -0.0050000000000000044</Translation>
</Transform>
</Instance>
<Instance name="Part3-m1-1" uid="Part3-m1-1" entityUid="Part3-m1*:*Default">
<Transform>
<Rotation>0.86602540378439985 0 -0.50000000000006772 -0.50000000000006772 0 -0.86602540378439985 0 1 0</Rotation>
<Translation>-9.4368957093138306e-016 0 0.010000000000000009</Translation>
</Transform>
</Instance>
<Instance name="part6-m1-1" uid="part6-m1-1" entityUid="part6-m1*:*Default">
<Transform>
<Rotation>0.86602540378440884 0.50000000000005207 0 -0.50000000000005207 0.86602540378440884 0 0 0 1</Rotation>
<Translation>-1.609823385706477e-015 8.8817841970012523e-016 0.021999999999999797</Translation>
</Transform>
</Instance>
<Instance name="Part1-m-1" uid="Part1-m-1" entityUid="Part1-m*:*Default">
<Transform>
<Rotation>0.4728517805046713 -2.5808319075369981e-016 0.8811419826983401 0.88114198269834021 -1.2628833353864433e-015 -0.47285178050467125 1.2348146223253176e-015 0.99999999999999989 -3.6974869930532872e-016</Rotation>
<Translation>0.028637113798928859 -0.015367682675336947 0.025999999999999135</Translation>
</Transform>
</Instance>
<Instance name="part5-m1-1" uid="part5-m1-1" entityUid="part5-m1*:*Default">
<Transform>
<Rotation>0 0.029307398892027377 -0.99957044592674094 0 0.99957044592674094 0.029307398892027377 1 0 0</Rotation>
<Translation>-0.03995153361434195 -0.039951532881085994 -0.0050000000000000044</Translation>
</Transform>
</Instance>
<Instance name="ISO 7045 - M3 x 25 - Z --- 25S-3" uid="ISO 7045 - M3 x 25 - Z --- 25S-3" entityUid="ISO 7045 - M3 x 25 - Z --- 25S*:*ISO 7045 - M3 x 25 - Z --- 25S">
<Transform>
<Rotation>0 -1.563444693639115e-007 0.99999999999998779 0 0.99999999999998779 1.563444693639115e-007 -1 0 0</Rotation>
<Translation>0.012557373073254996 -0.0072499998495274554 0.027399999999999758</Translation>
</Transform>
</Instance>
<Instance name="part5-m1-2" uid="part5-m1-2" entityUid="part5-m1*:*Default">
<Transform>
<Rotation>0 0.99957044592674082 0.029307398892030875 0 -0.029307398892030875 0.99957044592674082 1 0 0</Rotation>
<Translation>-0.039951533555028174 0.039951533392994176 -0.0050000000000000044</Translation>
</Transform>
</Instance>
<Instance name="gripper assem-3" uid="gripper assem-3" entityUid="gripper assem">
<Transform>
<Rotation>0.44411160475353184 0.88114198269834032 -0.16233819282497997 0.82758571731338348 -0.47285178050467114 -0.30251127941360273 -0.34331729205231598 -2.1042667162086373e-016 -0.93921948285683721</Rotation>
<Translation>-0.10296073032896053 -0.20138027477508114 0.14460633916047672</Translation>
</Transform>
<Instance name="Part8 t308-1" uid="Part8 t308-1" entityUid="Part8 t308*:*Default">
<Transform>
<Rotation>-0.40649627139670858 -0.91365244012182956 4.6894681188756756e-015 0.91365244012182956 -0.40649627139670858 -1.61616478997364e-016 2.0539125955565392e-015 4.2188474935755941e-015 0.99999999999999989</Rotation>
<Translation>0.0055000000306064667 -4.9418632380726635e-011 0.012999999999035228</Translation>
</Transform>
</Instance>
<Instance name="Part5 t308-2" uid="Part5 t308-2" entityUid="Part5 t308*:*Default">
<Transform>
<Rotation>-0.40649627139670885 2.3869795029440866e-015 0.91365244012182967 0.91365244012182956 -1.0799235021316329e-015 0.40649627139670891 1.9984014443252818e-015 1 -1.8873791418627661e-015</Rotation>
<Translation>0.0091525773097294039 0.0016305532983725939 0.027999999999033687</Translation>
</Transform>
</Instance>
<Instance name="servo-3" uid="servo-3" entityUid="servo">
<Transform>
<Rotation>-0.40649627139671007 -0.91365244012182889 -4.2689740961442472e-015 0.91365244012182889 -0.40649627139671013 2.0246750031724379e-014 -2.0233814623793475e-014 4.3298697960381129e-015 0.99999999999999989</Rotation>
<Translation>0.013264013290278376 0.0034597865195814641 0.02799999999901337</Translation>
</Transform>
<Instance name="Part4 middle cover-1" uid="Part4 middle cover-1" grounded="true" entityUid="Part4 middle cover*:*Default">
<Transform>
<Rotation>1 0 0 0 1 0 0 0 1</Rotation>
<Translation>0 0 0</Translation>
</Transform>
</Instance>
<Instance name="gear4-1" uid="gear4-1" entityUid="gear4*:*Default">
<Transform>
<Rotation>-1.3392065234540951e-015 0.94198900865631852 -0.3356437211846614 -1 -1.762479051592436e-015 -2.7755575615628914e-016 -1.2212453270876722e-015 0.33564372118466146 0.94198900865631829</Rotation>
<Translation>-0.0066855135945229072 -0.035674477461848264 0.00044588710476600735</Translation>
</Transform>
</Instance>
<Instance name="Part5 upper cover-1" uid="Part5 upper cover-1" entityUid="Part5 upper cover*:*Default">
<Transform>
<Rotation>1 0 0 0 1 0 0 0 1</Rotation>
<Translation>7.7104989060217122e-014 0.016499999999972204 3.219646771412954e-015</Translation>
</Transform>
</Instance>
<Instance name="Part7-1" uid="Part7-1" entityUid="Part7*:*Default">
<Transform>
<Rotation>0.97137553058860215 -7.5007715633702849e-016 0.23754910770977766 -1.0894063429134347e-015 -0.99999999999999989 1.2971865523215107e-015 0.23754910770977769 -1.5188427802261656e-015 -0.97137553058860204</Rotation>
<Translation>-0.0054999998358705171 0.026499999659940432 3.1844016312732037e-010</Translation>
</Transform>
</Instance>
<Instance name="Part3 bottom cover-1" uid="Part3 bottom cover-1" entityUid="Part3 bottom cover*:*Default">
<Transform>
<Rotation>1 0 0 0 1 0 0 0 1</Rotation>
<Translation>6.6224803418890588e-014 -0.0050000000000320899 -6.9944050551384862e-015</Translation>
</Transform>
</Instance>
</Instance>
<Instance name="part1 t307-1" uid="part1 t307-1" entityUid="part1 t307*:*Default">
<Transform>
<Rotation>0.913652440121829 -0.11825895872435072 -0.3889139202199639 0.40649627139671041 0.26580215811947533 0.87413385364004825 -4.2743586448068527e-015 -0.95674658683502067 0.29092261613621284</Rotation>
<Translation>-0.0016118605511203921 0.0061446289410173188 0.044000000094571223</Translation>
</Transform>
</Instance>
<Instance name="Part3 t307-1" uid="Part3 t307-1" entityUid="Part3 t307*:*Default">
<Transform>
<Rotation>-0.35419327267193368 0.19946514545998598 0.91365244012182856 0.79609475073297975 -0.44832346491787217 0.40649627139671046 0.49069366558917388 0.87133215627030536 -3.0808688933348094e-015</Rotation>
<Translation>0.0074572307421596484 -0.0080891966964781008 0.060712643786333842</Translation>
</Transform>
</Instance>
<Instance name="Part3 t307-2" uid="Part3 t307-2" entityUid="Part3 t307*:*Default">
<Transform>
<Rotation>0.38891392021996318 0.11825895872434875 -0.91365244012182922 -0.87413385364004825 -0.26580215811947683 -0.40649627139670924 -0.2909226161362134 0.95674658683502045 2.1233015345956119e-015</Rotation>
<Translation>0.0056704801159752627 -0.004073246627779397 0.05532343946111401</Translation>
</Transform>
</Instance>
<Instance name="Part6 t308-1" uid="Part6 t308-1" entityUid="Part6 t308*:*Default">
<Transform>
<Rotation>1 -3.9968028886505628e-015 -8.7954227223712953e-016 8.7954227223713328e-016 9.1339004843785901e-016 0.99999999999999989 -3.9968028886505628e-015 -0.99999999999999989 9.1339004843786256e-016</Rotation>
<Translation>0.0025000000000052758 -0.013499999999985298 0.0060000000000253184</Translation>
</Transform>
</Instance>
<Instance name="Part7 t308-1" uid="Part7 t308-1" grounded="true" entityUid="Part7 t308*:*Default">
<Transform>
<Rotation>1 0 0 0 1 0 0 0 1</Rotation>
<Translation>0 0 0</Translation>
</Transform>
</Instance>
<Instance name="servo-1" uid="servo-1" entityUid="servo">
<Transform>
<Rotation>-1 5.1070259132757201e-015 2.0205094146117871e-014 2.0159184044409582e-014 -1.0799235021316325e-015 1 5.2735593669694936e-015 0.99999999999999989 1.1087849085678236e-015</Rotation>
<Translation>1.5543122344752192e-015 1.1431827706687159e-014 -0.014999999999973257</Translation>
</Transform>
<Instance name="Part7-1" uid="Part7-1" entityUid="Part7*:*Default">
<Transform>
<Rotation>-0.91365244012181102 1.8873791418627661e-015 0.40649627139675049 -2.1094237467877974e-015 -1 0 0.40649627139675037 -7.7571800118029869e-016 0.91365244012181113</Rotation>
<Translation>-0.0055000000327183329 0.026500000000067914 -4.9649118150085769e-011</Translation>
</Transform>
</Instance>
<Instance name="Part4 middle cover-1" uid="Part4 middle cover-1" grounded="true" entityUid="Part4 middle cover*:*Default">
<Transform>
<Rotation>1 0 0 0 1 0 0 0 1</Rotation>
<Translation>0 0 0</Translation>
</Transform>
</Instance>
<Instance name="gear4-1" uid="gear4-1" entityUid="gear4*:*Default">
<Transform>
<Rotation>1.3322676295501882e-015 0.86741532849264358 -0.49758481477633459 -1 9.9061591281783902e-016 -9.5057603865156779e-016 -3.3162879133023139e-016 0.49758481477633459 0.86741532849264358</Rotation>
<Translation>-0.0067458514974156891 -0.035674477464368026 0.00022828063848142482</Translation>
</Transform>
</Instance>
<Instance name="Part3 bottom cover-1" uid="Part3 bottom cover-1" entityUid="Part3 bottom cover*:*Default">
<Transform>
<Rotation>1 0 0 0 1 0 0 0 1</Rotation>
<Translation>8.2156503822261584e-015 -0.0049999999999845723 1.4616780008580577e-014</Translation>
</Transform>
</Instance>
<Instance name="Part5 upper cover-1" uid="Part5 upper cover-1" entityUid="Part5 upper cover*:*Default">
<Transform>
<Rotation>1 0 0 0 1 0 0 0 1</Rotation>
<Translation>9.9920072216264089e-015 0.01650000000001417 3.0492969260720315e-014</Translation>
</Transform>
</Instance>
</Instance>
<Instance name="Part4 t308-2" uid="Part4 t308-2" entityUid="Part4 t308*:*Default">
<Transform>
<Rotation>0.40649627139670874 2.601196731903257e-015 -0.91365244012182956 -0.91365244012182956 -1.2426100463271556e-015 -0.40649627139670874 -2.1926904736346838e-015 1 1.8714733907082588e-015</Rotation>
<Translation>0.0018433577887644326 -0.0016214168727965925 0.02799999999900471</Translation>
</Transform>
</Instance>
<Instance name="Part9 t308-2" uid="Part9 t308-2" entityUid="Part9 t308*:*Default">
<Transform>
<Rotation>0.31620242599060217 0.25545106078676999 -0.91365244012182856 -0.71070545637751492 -0.57415898113310038 -0.40649627139671068 -0.62842165786427662 0.77787288159898849 2.9420910152566648e-015</Rotation>
<Translation>-0.0060227418599743121 -0.020227045150380034 0.031472162556660743</Translation>
</Transform>
</Instance>
<Instance name="part2 t307-1" uid="part2 t307-1" entityUid="part2 t307*:*Default">
<Transform>
<Rotation>0.91365244012182845 -0.19946514545998781 -0.35419327267193407 0.40649627139671174 0.44832346491787195 0.79609475073297931 -4.5519144009631418e-015 -0.87133215627030525 0.49069366558917438</Rotation>
<Translation>0.0052985763200441571 -0.009387462282141143 0.04399999996875148</Translation>
</Transform>
</Instance>
<Instance name="ISO 7045 - M3 x 25 - Z --- 25S-1" uid="ISO 7045 - M3 x 25 - Z --- 25S-1" entityUid="ISO 7045 - M3 x 25 - Z --- 25S*:*ISO 7045 - M3 x 25 - Z --- 25S">
<Transform>
<Rotation>0.91365244012182889 -0.050455887442990989 -0.40335272663237071 0.40649627139671013 0.11340607017722702 0.90658692059147294 -4.6629367034256567e-015 -0.99226673161468926 0.12412386285763877</Rotation>
<Translation>-0.0063711275960454117 -0.027193152151561865 0.02644478951504492</Translation>
</Transform>
</Instance>
<Instance name="ISO 7045 - M4 x 12 - Z --- 12S-1" uid="ISO 7045 - M4 x 12 - Z --- 12S-1" entityUid="ISO 7045 - M4 x 12 - Z --- 12S*:*ISO 7045 - M4 x 12 - Z --- 12S">
<Transform>
<Rotation>0.91365244012182889 -0.086268584623786893 0.39723664227565508 0.40649627139671057 0.19389969452010461 -0.89284023755965547 -4.496403249731884e-015 0.97722087563253512 0.21222478702541156</Rotation>
<Translation>-0.0021020087023109202 -0.012680082339377107 0.044000000091646452</Translation>
</Transform>
</Instance>
<Instance name="ISO 7045 - M4 x 12 - Z --- 12S-5" uid="ISO 7045 - M4 x 12 - Z --- 12S-5" entityUid="ISO 7045 - M4 x 12 - Z --- 12S*:*ISO 7045 - M4 x 12 - Z --- 12S">
<Transform>
<Rotation>0.91365244012182889 -0.40535997887694991 0.03037278690385331 0.40649627139671052 0.91109847713022729 -0.068266729169872198 -3.8857805861880479e-015 0.074718488313533032 0.9972046668082436</Rotation>
<Translation>-0.0090124452657207588 0.0028520090243755562 0.043999999927345046</Translation>
</Transform>
</Instance>
<Instance name="ISO 7045 - M1.6 x 8 - Z --- 8S-4" uid="ISO 7045 - M1.6 x 8 - Z --- 8S-4" entityUid="ISO 7045 - M1.6 x 8 - Z --- 8S*:*ISO 7045 - M1.6 x 8 - Z --- 8S">
<Transform>
<Rotation>0.91365244012182867 -0.31375483123787962 -0.25845139685116414 0.40649627139671068 0.70520417364600207 0.58090262076602051 -4.6629367034256559e-015 -0.63580262609330973 0.77185168306666985</Rotation>
<Translation>-0.0096036004179962386 0.0086087908550964778 0.028000000095510291</Translation>
</Transform>
</Instance>
<Instance name="ISO 7045 - M1.6 x 8 - Z --- 8S-5" uid="ISO 7045 - M1.6 x 8 - Z --- 8S-5" entityUid="ISO 7045 - M1.6 x 8 - Z --- 8S*:*ISO 7045 - M1.6 x 8 - Z --- 8S">
<Transform>
<Rotation>0.91365244012182889 -0.21480133224102727 0.34510810817323334 0.40649627139671074 0.48279350919779651 -0.77567467975759585 -4.3298697960381105e-015 0.84898222310243754 0.52842140840057084</Rotation>
<Translation>0.0017782951814178105 -0.016973477468929347 0.028000000090206756</Translation>
</Transform>
</Instance>
<Instance name="ISO 7045 - M1.6 x 8 - Z --- 8S-6" uid="ISO 7045 - M1.6 x 8 - Z --- 8S-6" entityUid="ISO 7045 - M1.6 x 8 - Z --- 8S*:*ISO 7045 - M1.6 x 8 - Z --- 8S">
<Transform>
<Rotation>-3.6082248300317588e-015 0.99962483901347232 0.027389436417888189 8.3012332159097247e-016 0.027389436417888189 -0.99962483901347232 -1 -3.5841345549091888e-015 -9.2863913627030508e-016</Rotation>
<Translation>-0.013999999968072219 1.0411171924573637e-011 0.0038000000142489609</Translation>
</Transform>
</Instance>
<Instance name="ISO 7045 - M1.6 x 8 - Z --- 8S-7" uid="ISO 7045 - M1.6 x 8 - Z --- 8S-7" entityUid="ISO 7045 - M1.6 x 8 - Z --- 8S*:*ISO 7045 - M1.6 x 8 - Z --- 8S">
<Transform>
<Rotation>-4.7184478546569153e-015 0.18707588735916247 -0.98234546487922569 1.1076790777472614e-015 -0.98234546487922569 -0.18707588735916247 -1 -1.9708313379345041e-015 4.4279258049125849e-015</Rotation>
<Translation>0.014000000031833215 1.0476456507868548e-011 0.0038000000143741941</Translation>
</Transform>
</Instance>
<Instance name="Part10 t308-2" uid="Part10 t308-2" entityUid="Part10 t308*:*Default">
<Transform>
<Rotation>-0.021066797296739437 -0.91365244012182834 -0.40595000765006378 0.047350325476740028 -0.4064962713967113 0.91242464237755971 -0.99865616541876157 2.4008754424110785e-015 0.051825314963781198</Rotation>
<Translation>0.0029564016493570655 0.0081771102983541205 0.044000000094881364</Translation>
</Transform>
</Instance>
<Instance name="Spring Pin ISO 13337 - 6 x 22 - St-3" uid="Spring Pin ISO 13337 - 6 x 22 - St-3" entityUid="Spring Pin ISO 13337 - 6 x 22 - St*:*Spring Pin ISO 13337 - 6 x 22 - St">
<Transform>
<Rotation>4.2915393103583291e-016 -0.065267804756436842 -0.99786778365787288 -1 -7.9878054675331006e-016 -3.7782488265636002e-016 -7.7241757314441059e-016 0.99786778365787288 -0.065267804756436842</Rotation>
<Translation>-0.0043999999419996882 0.011000000000110081 -0.027000000135835478</Translation>
</Transform>
</Instance>
<Instance name="ISO 7045 - M2.5 x 20 - Z --- 20S-2" uid="ISO 7045 - M2.5 x 20 - Z --- 20S-2" entityUid="ISO 7045 - M2.5 x 20 - Z --- 20S*:*ISO 7045 - M2.5 x 20 - Z --- 20S">
<Transform>
<Rotation>0.91365244012182867 0.083172556100909345 -0.39789639929392373 0.40649627139671102 -0.18694097382902683 0.89432312596981778 -4.2188474935755949e-015 -0.9788439090148624 -0.2046084108351946</Rotation>
<Translation>0.001047373228545867 -0.017298674484352621 0.018000000089988921</Translation>
</Transform>
</Instance>
<Instance name="Hexagon Thin Nut ISO - 4035 - M4 - N-5" uid="Hexagon Thin Nut ISO - 4035 - M4 - N-5" entityUid="Hexagon Thin Nut ISO - 4035 - M4 - N*:*Hexagon Thin Nut ISO - 4035 - M4 - N">
<Transform>
<Rotation>-0.98724601708490134 -0.1592020783469838 1.231989949572053e-015 -1.3332443471794333e-015 7.3412889290122754e-016 -1 0.15920207834698391 -0.98724601708490112 -9.7972034707159549e-016</Rotation>
<Translation>-0.0043999999420119007 -0.018199999999892087 -0.027000000135850355</Translation>
</Transform>
</Instance>
<Instance name="addition-1" uid="addition-1" entityUid="addition*:*Default">
<Transform>
<Rotation>-0.91365244012182856 0.40626967051564522 0.013571052963475489 -0.4064962713967108 -0.91314312561518418 -0.030502679920028763 2.942091015256664e-015 -0.033385430367769454 0.9994425511449665</Rotation>
<Translation>0.0075246638501602625 0.01020959165475506 0.044000000094622127</Translation>
</Transform>
</Instance>
<Instance name="addition-2" uid="addition-2" entityUid="addition*:*Default">
<Transform>
<Rotation>0.913652440121828 -0.3541932726719062 0.19946514546003863 0.40649627139671246 0.79609475073291336 -0.44832346491798858 -2.9976021664879227e-015 0.49069366558930161 0.87133215627023364</Rotation>
<Translation>0.0098668385206450715 -0.007354980925131524 0.043999999968763914</Translation>
</Transform>
</Instance>
<Instance name="Part6 t308-3" uid="Part6 t308-3" entityUid="Part6 t308*:*Default">
<Transform>
<Rotation>1 -4.1078251911130784e-015 -9.3505342346838756e-016 9.3505342346839091e-016 8.0236774597534355e-016 1 -4.1078251911130776e-015 -1 8.023677459753474e-016</Rotation>
<Translation>0.002500000000006386 0.013500000000015 0.0060000000000259845</Translation>
</Transform>
</Instance>
<Instance name="Spring Pin ISO 13337 - 4 x 8 - St-1" uid="Spring Pin ISO 13337 - 4 x 8 - St-1" entityUid="Spring Pin ISO 13337 - 4 x 8 - St*:*Spring Pin ISO 13337 - 4 x 8 - St">
<Transform>
<Rotation>0.91365244012182889 -0.40565942749505035 -0.026070050706048637 0.4064962713967103 0.91177152625729119 0.058595778406144682 -4.551914400963141e-015 -0.064133554328744 0.99794132453224038</Rotation>
<Translation>-0.0038475900459964407 0.011169717366594008 0.018000000095287794</Translation>
</Transform>
</Instance>
<Instance name="Spring Pin ISO 13337 - 4 x 8 - St-2" uid="Spring Pin ISO 13337 - 4 x 8 - St-2" entityUid="Spring Pin ISO 13337 - 4 x 8 - St*:*Spring Pin ISO 13337 - 4 x 8 - St">
<Transform>
<Rotation>0.91365244012182856 -0.40531015238627555 -0.031030614432241647 0.40649627139671085 0.91098648570990803 0.069745280804389895 -3.8857805861880463e-015 -0.076336775059768158 0.99708209129112046</Rotation>
<Translation>0.0075343055534242698 -0.014412550957421937 0.018000000089985924</Translation>
</Transform>
</Instance>
<Instance name="ISO 7045 - M1.6 x 3 - Z --- 3S-3" uid="ISO 7045 - M1.6 x 3 - Z --- 3S-3" entityUid="ISO 7045 - M1.6 x 3 - Z --- 3S*:*ISO 7045 - M1.6 x 3 - Z --- 3S">
<Transform>
<Rotation>0.91365244012182867 -0.40531015238627621 -0.031030614432230871 0.40649627139671063 0.91098648570990981 0.069745280804366538 -4.2188474935755933e-015 -0.076336775059742443 0.99708209129112235</Rotation>
<Translation>-0.0094429688665791378 -0.012662650034579885 0.028000000091810473</Translation>
</Transform>
</Instance>
<Instance name="Hexagon Thin Nut ISO - 4035 - M2.5 - N-4" uid="Hexagon Thin Nut ISO - 4035 - M2.5 - N-4" entityUid="Hexagon Thin Nut ISO - 4035 - M2.5 - N*:*Hexagon Thin Nut ISO - 4035 - M2.5 - N">
<Transform>
<Rotation>0.050451022027226455 0.40335333522339401 0.91365244012182911 -0.1133951345320645 -0.90658828847775641 0.40649627139670952 0.99226822877731158 -0.12411189370538465 -3.1502578323738817e-015</Rotation>
<Translation>0.0094917355797776715 0.017104562928988605 0.01800000009528735</Translation>
</Transform>
</Instance>
<Instance name="ISO 7045 - M2.5 x 20 - Z --- 20S-1" uid="ISO 7045 - M2.5 x 20 - Z --- 20S-1" entityUid="ISO 7045 - M2.5 x 20 - Z --- 20S*:*ISO 7045 - M2.5 x 20 - Z --- 20S">
<Transform>
<Rotation>0.91365244012182867 -0.11583689136735345 -0.38964218618852886 0.40649627139671063 0.26035825147979924 0.87577072469165895 -4.3298697960381097e-015 -0.95853815546629628 0.28496421620138629</Rotation>
<Translation>-0.010334522370849752 0.0082835938396900767 0.018000000095281798</Translation>
</Transform>
</Instance>
<Instance name="Spring Pin ISO 8752 - 5 x 14 - St-1" uid="Spring Pin ISO 8752 - 5 x 14 - St-1" entityUid="Spring Pin ISO 8752 - 5 x 14 - St*:*Spring Pin ISO 8752 - 5 x 14 - St">
<Transform>
<Rotation>-0.91365244012182889 0.40531015238574308 -0.031030614439187729 -0.40649627139671013 -0.91098648570871277 0.069745280820005667 5.2735593669694928e-015 0.076336775076859098 0.99708209128981196</Rotation>
<Translation>0.0099832510821371567 -0.019916868893559862 0.026444789515045697</Translation>
</Transform>
</Instance>
<Instance name="ISO 7045 - M4 x 35 - Z --- 35S-3" uid="ISO 7045 - M4 x 35 - Z --- 35S-3" entityUid="ISO 7045 - M4 x 35 - Z --- 35S*:*ISO 7045 - M4 x 35 - Z --- 35S">
<Transform>
<Rotation>6.0639497796997381e-016 0.99735559651364003 -0.072676090311197622 -1 5.336957326096885e-016 -1.0197377417925737e-015 -9.7825422449116194e-016 0.072676090311197622 0.99735559651364003</Rotation>
<Translation>-0.024999999945008566 0.0191000000000901 -1.3811030097343746e-010</Translation>
</Transform>
</Instance>
<Instance name="ISO 7045 - M3 x 10 - Z --- 10S-2" uid="ISO 7045 - M3 x 10 - Z --- 10S-2" entityUid="ISO 7045 - M3 x 10 - Z --- 10S*:*ISO 7045 - M3 x 10 - Z --- 10S">
<Transform>
<Rotation>0.91365244012182867 -0.40531015238574397 -0.031030614439182404 0.40649627139671057 0.91098648570871343 0.069745280819993455 -5.218048215738235e-015 -0.076336775076845789 0.99708209128981296</Rotation>
<Translation>0.009136215758439592 -0.030067279610635135 0.077711684633069045</Translation>
</Transform>
</Instance>
<Instance name="ISO 7045 - M3 x 10 - Z --- 10S-3" uid="ISO 7045 - M3 x 10 - Z --- 10S-3" entityUid="ISO 7045 - M3 x 10 - Z --- 10S*:*ISO 7045 - M3 x 10 - Z --- 10S">
<Transform>
<Rotation>0.91365244012182878 -0.40531015238627593 -0.031030614432231776 0.40649627139671041 0.9109864857099097 0.069745280804369716 -4.6629367034256559e-015 -0.076336775059745704 0.99708209129112213</Rotation>
<Translation>-0.0019259846951003023 -0.0052035679157861649 0.082078599639657523</Translation>
</Transform>
</Instance>
<Instance name="ISO 7045 - M3 x 10 - Z --- 10S-5" uid="ISO 7045 - M3 x 10 - Z --- 10S-5" entityUid="ISO 7045 - M3 x 10 - Z --- 10S*:*ISO 7045 - M3 x 10 - Z --- 10S">
<Transform>
<Rotation>0.91365244012182867 -0.40531015238574414 -0.031030614439180131 0.40649627139671057 0.91098648570871399 0.069745280819988487 -5.2735593669694928e-015 -0.076336775076840321 0.99708209128981351</Rotation>
<Translation>0.0041495871219083824 -0.01885919298760767 0.055928380726343818</Translation>
</Transform>
</Instance>
<Instance name="Hexagon Thin Nut ISO - 4035 - M2.5 - N-3" uid="Hexagon Thin Nut ISO - 4035 - M2.5 - N-3" entityUid="Hexagon Thin Nut ISO - 4035 - M2.5 - N*:*Hexagon Thin Nut ISO - 4035 - M2.5 - N">
<Transform>
<Rotation>0.050451022027220516 0.40335333522339623 0.91365244012182845 -0.11339513453205224 -0.9065882884777573 0.40649627139671096 0.99226822877731324 -0.12411189370537105 -2.4980018054066022e-015</Rotation>
<Translation>0.020873631179180396 -0.0084777053950410505 0.018000000089976709</Translation>
</Transform>
</Instance>
<Instance name="Hexagon Thin Nut ISO - 4035 - M3 - N-2" uid="Hexagon Thin Nut ISO - 4035 - M3 - N-2" entityUid="Hexagon Thin Nut ISO - 4035 - M3 - N*:*Hexagon Thin Nut ISO - 4035 - M3 - N">
<Transform>
<Rotation>-0.38096775835710911 -0.14178429303624115 0.91365244012182911 0.85627383698932658 0.31867836046419723 0.40649627139670963 -0.34879604811398818 0.93719865387230705 -2.733924198139448e-015</Rotation>
<Translation>0.016196087674967607 -0.017152694248064138 0.02644478951504492</Translation>
</Transform>
</Instance>
<Instance name="Hexagon Thin Nut ISO - 4035 - M4 - N-4" uid="Hexagon Thin Nut ISO - 4035 - M4 - N-4" entityUid="Hexagon Thin Nut ISO - 4035 - M4 - N*:*Hexagon Thin Nut ISO - 4035 - M4 - N">
<Transform>
<Rotation>-0.98724601708490112 -0.1592020783469838 1.4512874141950675e-015 -1.6108001033357215e-015 8.7290677097937171e-016 -1 0.15920207834698383 -0.98724601708490112 -1.1182164571884097e-015</Rotation>
<Translation>-0.024999999945386486 -0.018200000000017872 -1.382876035904701e-010</Translation>
</Transform>
</Instance>
<Instance name="ISO 7045 - M4 x 35 - Z --- 35S-4" uid="ISO 7045 - M4 x 35 - Z --- 35S-4" entityUid="ISO 7045 - M4 x 35 - Z --- 35S*:*ISO 7045 - M4 x 35 - Z --- 35S">
<Transform>
<Rotation>5.103045417248138e-016 0.99735559651364014 -0.072676090311196984 -1 6.7758346832071918e-016 -9.7708292174771104e-016 -8.8189368993022569e-016 0.07267609031119654 0.99735559651364003</Rotation>
<Translation>-0.0043999999420158975 0.019100000000109689 -0.027000000135833258</Translation>
</Transform>
</Instance>
<Instance name="ISO 7045 - M1.6 x 3 - Z --- 3S-4" uid="ISO 7045 - M1.6 x 3 - Z --- 3S-4" entityUid="ISO 7045 - M1.6 x 3 - Z --- 3S*:*ISO 7045 - M1.6 x 3 - Z --- 3S">
<Transform>
<Rotation>0.91365244012182889 0.35538907835657618 -0.19732668761293173 0.40649627139671063 -0.79878247718599704 0.44351700698076268 -4.6629367034256575e-015 -0.48543295842522433 -0.8742738946546067</Rotation>
<Translation>-0.010425348727747252 -0.015374718951020539 0.036499536040942804</Translation>
</Transform>
</Instance>
<Instance name="Spring Pin ISO 13337 - 6 x 22 - St-2" uid="Spring Pin ISO 13337 - 6 x 22 - St-2" entityUid="Spring Pin ISO 13337 - 6 x 22 - St*:*Spring Pin ISO 13337 - 6 x 22 - St">
<Transform>
<Rotation>8.255925390381136e-016 -0.065267804756435788 -0.99786778365787332 -1 -9.4842537679199414e-016 -8.4209430430294994e-016 -8.8969120049639649e-016 0.99786778365787321 -0.065267804756435566</Rotation>
<Translation>-0.024999999945399143 0.010999999999981247 -1.3829604128545725e-010</Translation>
</Transform>
</Instance>
<Instance name="ISO 7045 - M3 x 10 - Z --- 10S-4" uid="ISO 7045 - M3 x 10 - Z --- 10S-4" entityUid="ISO 7045 - M3 x 10 - Z --- 10S*:*ISO 7045 - M3 x 10 - Z --- 10S">
<Transform>
<Rotation>0.913652440121829 -0.40531015238627599 -0.031030614432231152 0.40649627139671046 0.91098648570990981 0.069745280804368398 -4.7739590058881731e-015 -0.076336775059744191 0.99708209129112224</Rotation>
<Translation>-0.0048824586631985856 0.0014414860372129641 0.058159934968774973</Translation>
</Transform>
</Instance>
<Instance name="Part10 t308-1" uid="Part10 t308-1" entityUid="Part10 t308*:*Default">
<Transform>
<Rotation>-0.021066797296735607 -0.91365244012182856 -0.40595000765006356 0.047350325476730536 -0.40649627139671085 0.91242464237756049 -0.99865616541876201 2.7831945101167019e-015 0.05182531496377097</Rotation>
<Translation>0.009866838263218991 -0.0073549811839995621 0.044000000091479974</Translation>
</Transform>
</Instance>
</Instance>
<Instance name="addition2-1" uid="addition2-1" entityUid="addition2*:*Default">
<Transform>
<Rotation>-0.33139354104079627 0.33729382929855045 0.88114198269834043 -0.61753973199478385 0.62853470316393267 -0.47285178050467103 -0.71331830227763859 -0.70084020977377393 -1.9428902930940239e-016</Rotation>
<Translation>-0.080338947823320739 -0.18037368714025315 0.1371244790196634</Translation>
</Transform>
</Instance>
<Instance name="part5-m1-4" uid="part5-m1-4" entityUid="part5-m1*:*Default">
<Transform>
<Rotation>0 -0.9995704459267406 -0.029307398892037841 0 0.029307398892037841 -0.9995704459267406 1 0 0</Rotation>
<Translation>0.039951532659737665 -0.039951532940399992 -0.0050000000000000044</Translation>
</Transform>
</Instance>
<Instance name="ISO 7045 - M3 x 25 - Z --- 25S-2" uid="ISO 7045 - M3 x 25 - Z --- 25S-2" entityUid="ISO 7045 - M3 x 25 - Z --- 25S*:*ISO 7045 - M3 x 25 - Z --- 25S">
<Transform>
<Rotation>0 -1.563444693639115e-007 0.99999999999998779 0 0.99999999999998779 1.563444693639115e-007 -1 0 0</Rotation>
<Translation>-0.012557368807891212 -0.0072499997643880043 0.027400000000000091</Translation>
</Transform>
</Instance>
<Instance name="Hexagon Nut ISO - 4032 - M3 - D - S-4" uid="Hexagon Nut ISO - 4032 - M3 - D - S-4" entityUid="Hexagon Nut ISO - 4032 - M3 - D - S*:*Hexagon Nut ISO - 4032 - M3 - D - S">
<Transform>
<Rotation>0.92372796145946312 0.38304915248300048 0 0.38304915248300048 -0.92372796145946312 0 0 0 -1</Rotation>
<Translation>0.012557373073254996 -0.0072499998495275664 0.0026000000000000467</Translation>
</Transform>
</Instance>
<Instance name="Hexagon Nut ISO - 4032 - M3 - D - S-5" uid="Hexagon Nut ISO - 4032 - M3 - D - S-5" entityUid="Hexagon Nut ISO - 4032 - M3 - D - S*:*Hexagon Nut ISO - 4032 - M3 - D - S">
<Transform>
<Rotation>0.92372796145946312 0.38304915248300048 0 0.38304915248300048 -0.92372796145946312 0 0 0 -1</Rotation>
<Translation>-4.3675596472780853e-010 0.014500000226233878 0.0025999999999999357</Translation>
</Transform>
</Instance>
<Instance name="ISO 7045 - M3 x 25 - Z --- 25S-1" uid="ISO 7045 - M3 x 25 - Z --- 25S-1" entityUid="ISO 7045 - M3 x 25 - Z --- 25S*:*ISO 7045 - M3 x 25 - Z --- 25S">
<Transform>
<Rotation>0 -0.0082740720309110762 0.9999657692801428 0 0.9999657692801428 0.0082740720309110762 -1 0 0</Rotation>
<Translation>-4.3675596472780853e-010 0.014500000226233878 0.027399999999999869</Translation>
</Transform>
</Instance>
<Instance name="Hexagon Nut ISO - 4032 - M3 - D - S-6" uid="Hexagon Nut ISO - 4032 - M3 - D - S-6" entityUid="Hexagon Nut ISO - 4032 - M3 - D - S*:*Hexagon Nut ISO - 4032 - M3 - D - S">
<Transform>
<Rotation>0.92372796145946312 0.38304915248300048 0 0.38304915248300048 -0.92372796145946312 0 0 0 -1</Rotation>
<Translation>-0.012557368807891101 -0.0072499997643880043 0.0026000000000001577</Translation>
</Transform>
</Instance>
<Instance name="Part1-m1-1" uid="Part1-m1-1" entityUid="Part1-m1*:*Default">
<Transform>
<Rotation>-0.47285178050467158 0.8811419826983401 7.2894101504553047e-016 -0.8811419826983401 -0.47285178050467158 0 4.0938344857746579e-016 -6.0757895207430531e-016 1</Rotation>
<Translation>-6.3876576250621042e-010 1.910686053818722e-010 0.030999999999999139</Translation>
</Transform>
</Instance>
<Instance name="servo-3" uid="servo-3" entityUid="servo">
<Transform>
<Rotation>0.47285178050467125 0 -0.88114198269834054 0.88114198269834054 -2.3191087005500234e-016 0.47285178050467125 -1.7573615287119783e-016 -1 -1.6297362315110341e-016</Rotation>
<Translation>0.0026006841539725212 0.0048462810959440938 0.048499999999999543</Translation>
</Transform>
<Instance name="Part5 upper cover-1" uid="Part5 upper cover-1" entityUid="Part5 upper cover*:*Default">
<Transform>
<Rotation>1 0 0 0 1 0 0 0 1</Rotation>
<Translation>-3.956405203453528e-010 0.016499999909864171 0</Translation>
</Transform>
</Instance>
<Instance name="Part7-1" uid="Part7-1" entityUid="Part7*:*Default">
<Transform>
<Rotation>0.96421235953435425 0 -0.26513114815350064 1.1845247916951106e-016 -1 7.8835088072560168e-016 -0.26513114815350064 -7.9154310464925989e-016 -0.96421235953435425</Rotation>
<Translation>-0.0055000004186469553 0.026500000101976728 1.7802948351630654e-010</Translation>
</Transform>
</Instance>
<Instance name="Part4 middle cover-1" uid="Part4 middle cover-1" grounded="true" entityUid="Part4 middle cover*:*Default">
<Transform>
<Rotation>1 0 0 0 1 0 0 0 1</Rotation>
<Translation>0 0 0</Translation>
</Transform>
</Instance>
<Instance name="Part3 bottom cover-1" uid="Part3 bottom cover-1" entityUid="Part3 bottom cover*:*Default">
<Transform>
<Rotation>1 0 0 0 1 0 0 0 1</Rotation>
<Translation>-3.956387439885134e-010 -0.0050000000901365693 0</Translation>
</Transform>
</Instance>
<Instance name="gear4-1" uid="gear4-1" entityUid="gear4*:*Default">
<Transform>
<Rotation>-1.6805539618847346e-015 0.95212819461778653 -0.30569903665840148 -1 -1.6164739058548106e-015 4.6275441951918225e-016 0 0.30569903665840148 0.95212819461778653</Rotation>
<Translation>-0.0066708268342744459 -0.035674477359242118 0.00048313929836812583</Translation>
</Transform>
</Instance>
</Instance>
<Instance name="ISO 7045 - M4 x 30 - Z --- 30N-8" visible="false" uid="ISO 7045 - M4 x 30 - Z --- 30N-8" entityUid="ISO 7045 - M4 x 30 - Z --- 30N*:*ISO 7045 - M4 x 30 - Z --- 30N">
<Transform>
<Rotation>-0.88114198269834065 -0.47285178050467103 -2.5586719473755966e-012 0.47285178050467103 -0.88114198269834065 -4.7687734602115718e-012 3.6974869930532857e-016 -5.4118390878139534e-012 1</Rotation>
<Translation>0.051490918559734977 0.010089442232381729 0.054254468489189689</Translation>
</Transform>
</Instance>
<Instance name="Spring Pin ISO 8752 - 5 x 24 - St-1" visible="false" uid="Spring Pin ISO 8752 - 5 x 24 - St-1" entityUid="Spring Pin ISO 8752 - 5 x 24 - St*:*Spring Pin ISO 8752 - 5 x 24 - St">
<Transform>
<Rotation>0.88114198269834043 0.47285178050467114 -2.5583783280993667e-012 -0.47285178050467114 0.88114198269834043 -4.7681262244907783e-012 -3.2242240753851809e-016 5.4111299428501054e-012 0.99999999999999978</Rotation>
<Translation>-0.032922591104255661 -0.041259179623987285 0.17648136479778409</Translation>
</Transform>
</Instance>
<Instance name="Part2-m-1" uid="Part2-m-1" entityUid="Part2-m*:*Default">
<Transform>
<Rotation>0.46325622349212431 -0.094775934299022674 0.88114198269834032 0.86326101348192641 -0.17661148398595025 -0.47285178050467114 0.20043476244896297 0.97970705111376422 -3.1918911957973251e-016</Rotation>
<Translation>0.022445443531337206 0.00058712519077452896 0.031221257696353866</Translation>
</Transform>
</Instance>
<Instance name="Part2-m1-2" uid="Part2-m1-2" entityUid="Part2-m1*:*Default">
<Transform>
<Rotation>-0.47285178050464205 0.88114198269835586 0 -0.88114198269835586 -0.47285178050464205 -2.4021365325066569e-016 -1.8904539635734785e-016 -1.5573129026979044e-016 0.99999999999999989</Rotation>
<Translation>-6.3882055201247567e-010 1.9106805027035989e-010 0.014649999999999497</Translation>
</Transform>
</Instance>
<Instance name="ISO 7045 - M4 x 30 - Z --- 30N-3" visible="false" uid="ISO 7045 - M4 x 30 - Z --- 30N-3" entityUid="ISO 7045 - M4 x 30 - Z --- 30N*:*ISO 7045 - M4 x 30 - Z --- 30N">
<Transform>
<Rotation>0.8811419826983401 -0.39190757755589523 0.26456994723646893 -0.47285178050467147 -0.73030542372821472 0.4930164112346716 -3.925461673686617e-016 -0.55951982871693007 -0.82881696487980827</Rotation>
<Translation>-0.020057810435362977 0.048485006809363407 0.0542544684891898</Translation>
</Transform>
</Instance>
<Instance name="ISO 7045 - M3 x 25 - Z --- 25S-5" visible="false" uid="ISO 7045 - M3 x 25 - Z --- 25S-5" entityUid="ISO 7045 - M3 x 25 - Z --- 25S*:*ISO 7045 - M3 x 25 - Z --- 25S">
<Transform>
<Rotation>0.8811419826983401 0.47285178050467142 -2.5582013965278449e-012 -0.47285178050467142 0.8811419826983401 -4.7677971030251617e-012 -3.2269857225415008e-016 5.4107562777007222e-012 0.99999999999999989</Rotation>
<Translation>-0.054484745674814317 -0.076363879053848449 0.21392601751229101</Translation>
</Transform>
</Instance>
<Instance name="Part1-m-2" uid="Part1-m-2" entityUid="Part1-m*:*Default">
<Transform>
<Rotation>0.47285178050467169 5.3946660078485486e-016 0.88114198269834021 0.88114198269834032 1.7510878939287563e-016 -0.47285178050467158 -4.0938344857746604e-016 0.99999999999999989 -3.9254616736866199e-016</Rotation>
<Translation>-0.0330428249899547 0.017731941959992836 0.025999999999999468</Translation>
</Transform>
</Instance>
<Instance name="servo-4" uid="servo-4" entityUid="servo">
<Transform>
<Rotation>0.38733750264610145 0.88114198269833977 -0.27121663918410316 0.72178925643621894 -0.47285178050467214 -0.50540227835538254 -0.57357643635101641 -4.1281420670373147e-016 -0.81915204428901256</Rotation>
<Translation>-0.051487806510924106 0.0097957392366451179 0.08042532960004678</Translation>
</Transform>
<Instance name="Part5 upper cover-1" uid="Part5 upper cover-1" entityUid="Part5 upper cover*:*Default">
<Transform>
<Rotation>1 0 0 0 1 0 0 0 1</Rotation>
<Translation>-3.955815675027452e-010 0.01649999990996881 -1.1379786002407855e-014</Translation>
</Transform>
</Instance>
<Instance name="gear4-1" uid="gear4-1" entityUid="gear4*:*Default">
<Transform>
<Rotation>2.9421349555844875e-016 0.44934221749045428 -0.8933597100724664 -1 0 0 -1.2280080204974945e-016 0.89335971007246628 0.44934221749045461</Rotation>
<Translation>-0.0066652575199845909 -0.035674477551368711 -0.0004964209284336607</Translation>
</Transform>
</Instance>
<Instance name="Part4 middle cover-1" uid="Part4 middle cover-1" grounded="true" entityUid="Part4 middle cover*:*Default">
<Transform>
<Rotation>1 0 0 0 1 0 0 0 1</Rotation>
<Translation>0 0 0</Translation>
</Transform>
</Instance>
<Instance name="Part7-1" uid="Part7-1" entityUid="Part7*:*Default">
<Transform>
<Rotation>0.1954703930262468 1.9680512486186693e-016 0.98070960301720533 -3.2213447840930823e-016 -0.99999999999999989 2.6488256785151722e-016 0.98070960301720544 -3.6769707608268474e-016 -0.19547039302624677</Rotation>
<Translation>-0.0055000003978300516 0.026499999912986349 -2.3419099992594283e-011</Translation>
</Transform>
</Instance>
<Instance name="Part3 bottom cover-1" uid="Part3 bottom cover-1" entityUid="Part3 bottom cover*:*Default">
<Transform>
<Rotation>1 0 0 0 1 0 0 0 1</Rotation>
<Translation>-3.9557912501209103e-010 -0.0050000000900281005 -1.4266365866433262e-014</Translation>
</Transform>
</Instance>
</Instance>
<Instance name="ISO 7045 - M1.6 x 8 - Z --- 8S-2" visible="false" uid="ISO 7045 - M1.6 x 8 - Z --- 8S-2" entityUid="ISO 7045 - M1.6 x 8 - Z --- 8S*:*ISO 7045 - M1.6 x 8 - Z --- 8S">
<Transform>
<Rotation>0.88114198269834043 0.47285178050467097 -2.5860124448123162e-012 -0.47285178050467097 0.88114198269834043 -4.8196216231595059e-012 -3.2253296527772326e-016 5.4695715418233016e-012 1</Rotation>
<Translation>0.0043893926723281296 -0.019736250489915341 0.078942914828102007</Translation>
</Transform>
