<?xml version="1.0" encoding="UTF-8" standalone="no" ?>
<SimscapeMultibodyImportXML version="2.0" xmlns="urn:mathworks:SimscapeMultibody:import" xmlns:xsi="http://www.w3.org/2001/XMLSchema-instance">
<Created by="" on="07/13/18||19:58:08" using="Simscape Multibody Link Version 5.0" from="SolidWorks 22.4.0"/>
<ModelUnits mass="kilogram" length="millimeter"/>
<DataUnits mass="kilogram" length="meter"/>
<RootAssembly name="model" uid="model" version="833">
<AssemblyFile name="model.SLDASM" type="SolidWorks Assembly"/>
<InstanceTree>
<Instance name="part6-m1-1" uid="part6-m1-1" entityUid="part6-m1*:*Default">
<Transform>
<Rotation>0.86602540378440551 0.50000000000005729 0 -0.50000000000005718 0.86602540378440562 0 0 0 1</Rotation>
<Translation>-1.0935285192931938e-015 0 0.022000000000000002</Translation>
</Transform>
</Instance>
<Instance name="ISO 15 ABB - 3735 - 38,DE,NC,38_68-1" uid="ISO 15 ABB - 3735 - 38,DE,NC,38_68-1" entityUid="ISO 15 ABB - 3735 - 38,DE,NC,38_68*:*ISO 15 ABB - 3735 - 38,DE,NC,38_68">
<Transform>
<Rotation>2.9799592411601574e-015 0.80295372552856425 -0.59604136992309442 1.5815422714728023e-014 0.59604136992309442 0.80295372552856425 1 -1.1819415595412138e-014 -1.092287360118386e-014</Rotation>
<Translation>-1.0291255357423392e-015 0 0.018500000000000003</Translation>
</Transform>
</Instance>
<Instance name="part5-m1-1" uid="part5-m1-1" entityUid="part5-m1*:*Default">
<Transform>
<Rotation>0 0.02930755516933797 -0.99957044134467887 0 0.99957044134467887 0.02930755516933797 1 0 0</Rotation>
<Translation>-0.039951533137040252 -0.039951533137039572 -0.0050000000000000027</Translation>
</Transform>
</Instance>
<Instance name="Part4-m1-1" uid="Part4-m1-1" grounded="true" entityUid="Part4-m1*:*Default">
<Transform>
<Rotation>1 0 0 0 1 0 0 0 1</Rotation>
<Translation>0 0 0</Translation>
</Transform>
</Instance>
<Instance name="part5-m1-3" uid="part5-m1-3" entityUid="part5-m1*:*Default">
<Transform>
<Rotation>0 -0.02930755516934495 0.99957044134467865 0 -0.99957044134467865 -0.02930755516934495 1 0 0</Rotation>
<Translation>0.039951533137040529 0.039951533137039294 -0.0050000000000000027</Translation>
</Transform>
</Instance>
<Instance name="part5-m1-2" uid="part5-m1-2" entityUid="part5-m1*:*Default">
<Transform>
<Rotation>0 0.99957044134467876 0.02930755516934146 0 -0.02930755516934146 0.99957044134467876 1 0 0</Rotation>
<Translation>-0.039951533137039433 0.03995153313704039 -0.0050000000000000027</Translation>
</Transform>
</Instance>
<Instance name="part5-m1-4" uid="part5-m1-4" entityUid="part5-m1*:*Default">
<Transform>
<Rotation>0 -0.99957044134467854 -0.029307555169348441 0 0.029307555169348441 -0.99957044134467854 1 0 0</Rotation>
<Translation>0.039951533137039155 -0.039951533137040668 -0.0050000000000000027</Translation>
</Transform>
</Instance>
<Instance name="Part3-m1-1" uid="Part3-m1-1" entityUid="Part3-m1*:*Default">
<Transform>
<Rotation>0.86602540378439896 0 -0.50000000000006917 -0.50000000000006906 0 -0.86602540378439874 0 1 0</Rotation>
<Translation>-1.0839875401753213e-015 0 0.010000000000000002</Translation>
</Transform>
</Instance>
<Instance name="Part1-m-1" uid="Part1-m-1" entityUid="Part1-m*:*Default">
<Transform>
<Rotation>-0.57851101296450469 0 0.81567457228896301 0.81567457228896301 0 0.57851101296450469 0 1 0</Rotation>
<Translation>0.026509423599388546 0.018801607921350098 0.026000000000000138</Translation>
</Transform>
</Instance>
<Instance name="ISO 7045 - M3 x 25 - Z --- 25S-2" uid="ISO 7045 - M3 x 25 - Z --- 25S-2" entityUid="ISO 7045 - M3 x 25 - Z --- 25S*:*ISO 7045 - M3 x 25 - Z --- 25S">
<Transform>
<Rotation>0 0 1 0 1 0 -1 0 0</Rotation>
<Translation>-0.01255736835487592 -0.0072499999999991295 0.027400000000000001</Translation>
</Transform>
</Instance>
<Instance name="Part1-m-2" uid="Part1-m-2" entityUid="Part1-m*:*Default">
<Transform>
<Rotation>-0.57851101296450402 0 0.81567457228896356 0.81567457228896356 0 0.57851101296450402 0 1 0</Rotation>
<Translation>-0.030587796460842327 -0.021694162986167477 0.026000000000000131</Translation>
</Transform>
</Instance>
<Instance name="Hexagon Nut ISO - 4032 - M3 - D - S-5" uid="Hexagon Nut ISO - 4032 - M3 - D - S-5" entityUid="Hexagon Nut ISO - 4032 - M3 - D - S*:*Hexagon Nut ISO - 4032 - M3 - D - S">
<Transform>
<Rotation>0.92372802134706822 0.38304900806323788 0 0.38304900806323777 -0.92372802134706822 0 0 0 -1</Rotation>
<Translation>0 0.014499999999999997 0.0025999999999999986</Translation>
</Transform>
</Instance>
<Instance name="Hexagon Nut ISO - 4032 - M3 - D - S-6" uid="Hexagon Nut ISO - 4032 - M3 - D - S-6" entityUid="Hexagon Nut ISO - 4032 - M3 - D - S*:*Hexagon Nut ISO - 4032 - M3 - D - S">
<Transform>
<Rotation>0.92372802134706822 0.38304900806323788 0 0.38304900806323777 -0.92372802134706822 0 0 0 -1</Rotation>
<Translation>-0.012557368354875904 -0.0072499999999991053 0.0025999999999999999</Translation>
</Transform>
</Instance>
<Instance name="Hexagon Nut ISO - 4032 - M3 - D - S-4" uid="Hexagon Nut ISO - 4032 - M3 - D - S-4" entityUid="Hexagon Nut ISO - 4032 - M3 - D - S*:*Hexagon Nut ISO - 4032 - M3 - D - S">
<Transform>
<Rotation>0.92372802134706822 0.38304900806323788 0 0.38304900806323777 -0.92372802134706822 0 0 0 -1</Rotation>
<Translation>0.012557368354872816 -0.0072500000000008946 0.002599999999999999</Translation>
</Transform>
</Instance>
<Instance name="servo-4" uid="servo-4" entityUid="servo">
<Transform>
<Rotation>-0.47388847891356717 0.81567457228896378 0.33182028520601597 0.6681614933650516 0.57851101296450369 -0.46785171439567047 -0.5735764363510496 0 -0.81915204428898913</Rotation>
<Translation>-0.031692622566336856 -0.041743602286398646 0.080425329600069442</Translation>
</Transform>
<Instance name="Part4 middle cover-1" uid="Part4 middle cover-1" grounded="true" entityUid="Part4 middle cover*:*Default">
<Transform>
<Rotation>1 0 0 0 1 0 0 0 1</Rotation>
<Translation>0 0 0</Translation>
</Transform>
</Instance>
<Instance name="Part7-1" uid="Part7-1" entityUid="Part7*:*Default">
<Transform>
<Rotation>0.55050495393280519 -1.5316540762809841e-016 0.83483189666868851 2.2739645674714804e-016 -1 -3.8857393779066645e-016 0.83483189666868829 3.4418128200226434e-016 -0.5505049539328053</Rotation>
<Translation>-0.0054999999999999216 0.026500000000000495 0</Translation>
</Transform>
</Instance>
<Instance name="gear4-1" uid="gear4-1" entityUid="gear4*:*Default">
<Transform>
<Rotation>-2.8669402055467541e-016 -0.10934001373158536 -0.99400440713166682 -1 -2.9683670082221662e-016 3.2107518559154644e-016 -3.3016335401715846e-016 0.99400440713166682 -0.10934001373158536</Rotation>
<Translation>-0.0062072861812380031 -0.035674477461211891 -0.001050716023911713</Translation>
</Transform>
</Instance>
<Instance name="Part5 upper cover-1" uid="Part5 upper cover-1" entityUid="Part5 upper cover*:*Default">
<Transform>
<Rotation>1 0 0 0 1 0 0 0 1</Rotation>
<Translation>0 0.016500000000000001 0</Translation>
</Transform>
</Instance>
<Instance name="Part3 bottom cover-1" uid="Part3 bottom cover-1" entityUid="Part3 bottom cover*:*Default">
<Transform>
<Rotation>1 0 0 0 1 0 0 0 1</Rotation>
<Translation>0 -0.0049999999999999975 0</Translation>
</Transform>
</Instance>
</Instance>
<Instance name="Part2-m1-2" uid="Part2-m1-2" entityUid="Part2-m1*:*Default">
<Transform>
<Rotation>0.57851101296453111 0.81567457228894436 0 -0.81567457228894436 0.57851101296453111 -2.402136515363956e-016 -2.2360685735289171e-016 0 1</Rotation>
<Translation>0 0 0.017999999999999988</Translation>
</Transform>
</Instance>
<Instance name="servo-5" uid="servo-5" entityUid="servo">
<Transform>
<Rotation>-0.47388847891356789 -0.81567457228896378 -0.33182028520601436 0.66816149336505304 -0.57851101296450347 0.46785171439566842 -0.57357643635104716 0 0.8191520442889908</Rotation>
<Translation>0.049874834662559646 0.016107499010051329 0.080425329600069401</Translation>
</Transform>
<Instance name="Part4 middle cover-1" uid="Part4 middle cover-1" grounded="true" entityUid="Part4 middle cover*:*Default">
<Transform>
<Rotation>1 0 0 0 1 0 0 0 1</Rotation>
<Translation>0 0 0</Translation>
</Transform>
</Instance>
<Instance name="Part7-1" uid="Part7-1" entityUid="Part7*:*Default">
<Transform>
<Rotation>-0.3260365507428245 -1.5343149712133629e-015 0.94535716402834835 7.6904372794177434e-015 -0.99999999999999989 9.5896407959863404e-016 0.94535716402834835 7.638147135217329e-015 0.32603655074282456</Rotation>
<Translation>-0.0054999999999686688 0.026499999999952732 -2.0448920334814602e-014</Translation>
</Transform>
</Instance>
<Instance name="Part3 bottom cover-1" uid="Part3 bottom cover-1" entityUid="Part3 bottom cover*:*Default">
<Transform>
<Rotation>1 0 0 0 1 0 0 0 1</Rotation>
<Translation>0 -0.0049999999999999975 0</Translation>
</Transform>
</Instance>
<Instance name="gear4-1" uid="gear4-1" entityUid="gear4*:*Default">
<Transform>
<Rotation>-1.0391536654630013e-015 -0.83226575801119207 -0.5543768646345697 -1 5.0340359827599813e-016 1.2969500301859301e-015 -7.2009740089971941e-016 0.5543768646345697 -0.83226575801119196</Rotation>
<Translation>-0.0051485729944213132 -0.035674477461211267 -0.0012168635769117114</Translation>
</Transform>
</Instance>
<Instance name="Part5 upper cover-1" uid="Part5 upper cover-1" entityUid="Part5 upper cover*:*Default">
<Transform>
<Rotation>1 0 0 0 1 0 0 0 1</Rotation>
<Translation>0 0.016500000000000008 0</Translation>
</Transform>
</Instance>
</Instance>
<Instance name="ISO 7045 - M3 x 25 - Z --- 25S-3" uid="ISO 7045 - M3 x 25 - Z --- 25S-3" entityUid="ISO 7045 - M3 x 25 - Z --- 25S*:*ISO 7045 - M3 x 25 - Z --- 25S">
<Transform>
<Rotation>0 0 1 0 1 0 -1 0 0</Rotation>
<Translation>0.012557368354872837 -0.0072500000000007992 0.027400000000000001</Translation>
</Transform>
</Instance>
<Instance name="servo-3" uid="servo-3" entityUid="servo">
<Transform>
<Rotation>-0.57851101296446783 0 -0.81567457228898899 0.8156745722889891 1.2010682576866673e-016 -0.57851101296446772 1.1180342867733618e-016 -0.99999999999999989 0</Rotation>
<Translation>-0.0031818105713045746 0.0044862101475894355 0.048499999999999981</Translation>
</Transform>
<Instance name="Part3 bottom cover-1" uid="Part3 bottom cover-1" entityUid="Part3 bottom cover*:*Default">
<Transform>
<Rotation>1 0 0 0 1 0 0 0 1</Rotation>
<Translation>0 -0.0049999999999999975 0</Translation>
</Transform>
</Instance>
<Instance name="Part4 middle cover-1" uid="Part4 middle cover-1" grounded="true" entityUid="Part4 middle cover*:*Default">
<Transform>
<Rotation>1 0 0 0 1 0 0 0 1</Rotation>
<Translation>0 0 0</Translation>
</Transform>
</Instance>
<Instance name="gear4-1" uid="gear4-1" entityUid="gear4*:*Default">
<Transform>
<Rotation>-7.9609430009313479e-016 0.69759991726670811 0.71648751240302988 -1 -1.6164739058544759e-015 4.6275441951908877e-016 1.4810008124414029e-015 -0.71648751240302988 0.69759991726670811</Rotation>
<Translation>-0.0055885988316890399 -0.035674477458373571 0.0012634904642437384</Translation>
</Transform>
</Instance>
<Instance name="Part7-1" uid="Part7-1" entityUid="Part7*:*Default">
<Transform>
<Rotation>0.19183325874094154 -7.5098613424508783e-016 -0.9814275321391952 1.1845247916982458e-016 -0.99999999999999978 7.8835088072549015e-016 -0.9814275321391952 -2.6748444278827245e-016 -0.19183325874094143</Rotation>
<Translation>-0.0054999999990175772 0.026500000002831477 5.1804199840684603e-013</Translation>
</Transform>
</Instance>
<Instance name="Part5 upper cover-1" uid="Part5 upper cover-1" entityUid="Part5 upper cover*:*Default">
<Transform>
<Rotation>1 0 0 0 1 0 0 0 1</Rotation>
<Translation>0 0.016499999999999994 0</Translation>
</Transform>
</Instance>
</Instance>
<Instance name="Part1-m1-1" uid="Part1-m1-1" entityUid="Part1-m1*:*Default">
<Transform>
<Rotation>0.57851101296450502 0.8156745722889629 0 -0.8156745722889629 0.57851101296450502 0 0 0 0.99999999999999989</Rotation>
<Translation>0 0 0.030999999999999989</Translation>
</Transform>
</Instance>
<Instance name="ISO 7045 - M3 x 25 - Z --- 25S-1" uid="ISO 7045 - M3 x 25 - Z --- 25S-1" entityUid="ISO 7045 - M3 x 25 - Z --- 25S*:*ISO 7045 - M3 x 25 - Z --- 25S">
<Transform>
<Rotation>0 -0.0082739156917933931 0.9999657705737357 0 0.9999657705737357 0.0082739156917933931 -1 0 0</Rotation>
<Translation>0 0.014500000000000006 0.027400000000000001</Translation>
</Transform>
</Instance>
<Instance name="ISO 7045 - M1.6 x 8 - Z --- 8S-9" uid="ISO 7045 - M1.6 x 8 - Z --- 8S-9" entityUid="ISO 7045 - M1.6 x 8 - Z --- 8S*:*ISO 7045 - M1.6 x 8 - Z --- 8S">
<Transform>
<Rotation>-0.81567457228896356 -0.47947974191508336 -0.32368838288431212 -0.5785110129645038 0.67604492333459809 0.45638609697524907 0 0.55951982871616124 -0.82881696488032708</Rotation>
<Translation>0.0064018187278811218 -0.023200596794107388 0.075167766306565686</Translation>
</Transform>
</Instance>
<Instance name="Part5^Assem1-m-1" uid="Part5^Assem1-m-1" entityUid="Part5^Assem1-m*:*Default">
<Transform>
<Rotation>-0.3854046659619248 -0.43143740632447697 0.81567457228896478 0.54340328709689489 0.6083073856621134 0.57851101296450247 -0.7457721575837134 0.66620108749005591 8.3591959124226528e-016</Rotation>
<Translation>0.036087847343149945 -0.035325065536326569 0.030140628355980022</Translation>
</Transform>
</Instance>
<Instance name="ISO 7045 - M4 x 10 - Z --- 10S-4" uid="ISO 7045 - M4 x 10 - Z --- 10S-4" entityUid="ISO 7045 - M4 x 10 - Z --- 10S*:*ISO 7045 - M4 x 10 - Z --- 10S">
<Transform>
<Rotation>-0.81567457228896401 0.55830953508979242 -0.15154357508332489 -0.57851101296450302 -0.78719139486314282 0.21366964157831192 0 0.26195452063524238 0.96508021900708363</Rotation>
<Translation>0.11507425811215438 -0.11194799202738 0.21378323040316136</Translation>
</Transform>
</Instance>
<Instance name="ISO 7045 - M3 x 25 - Z --- 25S-4" uid="ISO 7045 - M3 x 25 - Z --- 25S-4" entityUid="ISO 7045 - M3 x 25 - Z --- 25S*:*ISO 7045 - M3 x 25 - Z --- 25S">
<Transform>
<Rotation>0.81567457228896356 -0.57851101296450391 2.6187564310167409e-012 0.57851101296450391 0.81567457228896356 -3.6923273588401874e-012 0 4.5267169747876111e-012 0.99999999999999989</Rotation>
<Translation>0.13689477142039846 -0.21358553486088008 0.21989208522631695</Translation>
</Transform>
</Instance>
<Instance name="ISO 7045 - M4 x 30 - Z --- 30N-8" uid="ISO 7045 - M4 x 30 - Z --- 30N-8" entityUid="ISO 7045 - M4 x 30 - Z --- 30N*:*ISO 7045 - M4 x 30 - Z --- 30N">
<Transform>
<Rotation>-0.81567457228896334 0.57851101296450402 2.619219605460491e-012 -0.57851101296450402 -0.81567457228896334 -3.6930799419247727e-012 0 -4.5275987891898766e-012 0.99999999999999978</Rotation>
<Translation>0.013887952097136193 0.050598778514507808 0.054254468489190501</Translation>
</Transform>
</Instance>
<Instance name="ISO 7045 - M4 x 40 - Z --- 40S-6" uid="ISO 7045 - M4 x 40 - Z --- 40S-6" entityUid="ISO 7045 - M4 x 40 - Z --- 40S*:*ISO 7045 - M4 x 40 - Z --- 40S">
<Transform>
<Rotation>-0.81567457228896401 -0.28420850658886931 -0.50388542041196271 -0.57851101296450325 0.40072124273801069 0.71045583500826326 0 0.87100402433113311 -0.49127587931728445</Rotation>
<Translation>0.095286858481383657 -0.084048646347110137 0.1894093647584798</Translation>
</Transform>
</Instance>
<Instance name="Part10-m-2" uid="Part10-m-2" entityUid="Part10-m*:*Default">
<Transform>
<Rotation>-0.45811976440839602 -0.35327223720469081 0.81567457228896656 0.6459283134059749 0.49809800423139744 0.5785110129644998 -0.61065775635695363 0.79189462973371127 1.3349779464343022e-015</Rotation>
<Translation>0.15935438084192638 -0.1857895770814092 -0.0094591535690349577</Translation>
</Transform>
</Instance>
<Instance name="ISO 7045 - M4 x 30 - Z --- 30N-7" uid="ISO 7045 - M4 x 30 - Z --- 30N-7" entityUid="ISO 7045 - M4 x 30 - Z --- 30N*:*ISO 7045 - M4 x 30 - Z --- 30N">
<Transform>
<Rotation>0.81567457228896356 0.47947974191506659 -0.32368838288433749 0.5785110129645038 -0.67604492333457367 0.45638609697528476 0 -0.55951982871620509 -0.82881696488029766</Rotation>
<Translation>-0.020729210143304973 -0.040952911615408732 0.054254468489190355</Translation>
</Transform>
</Instance>
<Instance name="Spring Pin ISO 13337 - 6 x 65 - St-4" uid="Spring Pin ISO 13337 - 6 x 65 - St-4" entityUid="Spring Pin ISO 13337 - 6 x 65 - St*:*Spring Pin ISO 13337 - 6 x 65 - St">
<Transform>
<Rotation>0.81567457228896356 -0.5785110129645038 2.6189584410014259e-012 0.5785110129645038 0.81567457228896356 -3.6927117117551296e-012 0 4.527147346687984e-012 0.99999999999999978</Rotation>
<Translation>-0.014122246107760823 -0.036266972410394116 0.054254468489190279</Translation>
</Transform>
</Instance>
<Instance name="ISO 7045 - M3 x 25 - Z --- 25S-6" uid="ISO 7045 - M3 x 25 - Z --- 25S-6" entityUid="ISO 7045 - M3 x 25 - Z --- 25S*:*ISO 7045 - M3 x 25 - Z --- 25S">
<Transform>
<Rotation>0.81567457228896401 -0.57851101296450314 2.618732577681232e-012 0.57851101296450314 0.81567457228896401 -3.6922937267073508e-012 0 4.5266757424947583e-012 0.99999999999999989</Rotation>
<Translation>0.031270231920602812 -0.064659673210946678 0.1783215676597332</Translation>
</Transform>
</Instance>
<Instance name="Part15 t310 connector-2" uid="Part15 t310 connector-2" entityUid="Part15 t310 connector*:*Default">
<Transform>
<Rotation>-0.09117815774450469 -0.57128061027093802 0.8156745722889629 0.12855711153921914 0.80548002889672898 0.57851101296450447 -0.98750170259246184 0.15760833536646787 0</Rotation>
<Translation>-0.007470859766654102 -0.030087948656347844 0.083579999999999904</Translation>
</Transform>
</Instance>
<Instance name="ISO 7045 - M4 x 30 - Z --- 30N-3" uid="ISO 7045 - M4 x 30 - Z --- 30N-3" entityUid="ISO 7045 - M4 x 30 - Z --- 30N*:*ISO 7045 - M4 x 30 - Z --- 30N">
<Transform>
<Rotation>0.81567457228896334 0.47947974191506715 -0.32368838288433727 0.57851101296450413 -0.67604492333457389 0.45638609697528421 0 -0.55951982871620454 -0.82881696488029799</Rotation>
<Translation>-0.052344823172727768 0.0036236842617904334 0.054254468489190376</Translation>
</Transform>
</Instance>
<Instance name="ISO 7045 - M4 x 30 - Z --- 30N-9" uid="ISO 7045 - M4 x 30 - Z --- 30N-9" entityUid="ISO 7045 - M4 x 30 - Z --- 30N*:*ISO 7045 - M4 x 30 - Z --- 30N">
<Transform>
<Rotation>-0.81567457228896334 0.57851101296450425 2.619043022243065e-012 -0.57851101296450425 -0.81567457228896334 -3.6928309675109401e-012 0 -4.527293551755376e-012 0.99999999999999989</Rotation>
<Translation>0.045503565126558981 0.0060221826373086451 0.054254468489190265</Translation>
</Transform>
</Instance>
<Instance name="ISO 7045 - M3 x 30 - Z --- 25S-6" uid="ISO 7045 - M3 x 30 - Z --- 25S-6" entityUid="ISO 7045 - M3 x 30 - Z --- 25S*:*ISO 7045 - M3 x 30 - Z --- 25S">
<Transform>
<Rotation>0.81567457228896345 -0.57851101296450402 2.6190303829004366e-012 0.57851101296450402 0.81567457228896345 -3.6927150767591603e-012 0 4.5271917106170792e-012 1</Rotation>
<Translation>-0.028228348157053593 0.0013398981040175714 0.044863341779933445</Translation>
</Transform>
</Instance>
<Instance name="Spring Pin ISO 8752 - 5 x 24 - St-1" uid="Spring Pin ISO 8752 - 5 x 24 - St-1" entityUid="Spring Pin ISO 8752 - 5 x 24 - St*:*Spring Pin ISO 8752 - 5 x 24 - St">
<Transform>
<Rotation>0.81567457228896345 -0.57851101296450391 2.6187348224019647e-012 0.57851101296450391 0.81567457228896345 -3.6922983497171973e-012 0 4.5266808119620005e-012 0.99999999999999989</Rotation>
<Translation>0.044978035235695768 -0.079838479507238699 0.15144547666973304</Translation>
</Transform>
</Instance>
<Instance name="ISO 7045 - M3 x 25 - Z --- 25S-5" uid="ISO 7045 - M3 x 25 - Z --- 25S-5" entityUid="ISO 7045 - M3 x 25 - Z --- 25S*:*ISO 7045 - M3 x 25 - Z --- 25S">
<Transform>
<Rotation>0.81567457228896334 -0.57851101296450413 2.6186793668591614e-012 0.57851101296450413 0.81567457228896334 -3.6922187018356263e-012 0 4.5265837635680255e-012 0.99999999999999978</Rotation>
<Translation>0.07857115578949532 -0.13135185362065485 0.20260082746475258</Translation>
</Transform>
</Instance>
<Instance name="Spring Pin ISO 8752 - 5 x 24 - St-2" uid="Spring Pin ISO 8752 - 5 x 24 - St-2" entityUid="Spring Pin ISO 8752 - 5 x 24 - St*:*Spring Pin ISO 8752 - 5 x 24 - St">
<Transform>
<Rotation>0.81567457228896345 -0.57851101296450391 2.6188900592372042e-012 0.57851101296450391 0.81567457228896345 -3.6925512944394859e-012 0 4.5269769387589717e-012 0.99999999999999989</Rotation>
<Translation>0.025479486089545145 -0.052346400050459901 0.11696916065870451</Translation>
</Transform>
</Instance>
<Instance name="ISO 7045 - M4 x 10 - Z --- 10S-3" uid="ISO 7045 - M4 x 10 - Z --- 10S-3" entityUid="ISO 7045 - M4 x 10 - Z --- 10S*:*ISO 7045 - M4 x 10 - Z --- 10S">
<Transform>
<Rotation>-0.81567457228896356 0.55830953508979309 -0.15154357508332508 -0.57851101296450391 -0.78719139486314216 0.21366964157831164 0 0.26195452063524222 0.96508021900708352</Rotation>
<Translation>0.02472797794694424 0.035314828424552025 0.10749999999999986</Translation>
</Transform>
</Instance>
<Instance name="ISO 7045 - M1.6 x 8 - Z --- 8S-5" uid="ISO 7045 - M1.6 x 8 - Z --- 8S-5" entityUid="ISO 7045 - M1.6 x 8 - Z --- 8S*:*ISO 7045 - M1.6 x 8 - Z --- 8S">
<Transform>
<Rotation>-0.81567457228896356 -0.47947974191508352 -0.32368838288431195 -0.5785110129645038 0.67604492333459798 0.45638609697524896 0 0.55951982871616102 -0.82881696488032719</Rotation>
<Translation>0.0087631722051564921 -0.026529999250474834 0.085437337331632598</Translation>
</Transform>
</Instance>
<Instance name="ISO 7045 - M1.6 x 8 - Z --- 8S-10" uid="ISO 7045 - M1.6 x 8 - Z --- 8S-10" entityUid="ISO 7045 - M1.6 x 8 - Z --- 8S*:*ISO 7045 - M1.6 x 8 - Z --- 8S">
<Transform>
<Rotation>-0.81567457228896356 -0.47947974191508336 -0.32368838288431212 -0.5785110129645038 0.67604492333459809 0.45638609697524907 0 0.55951982871616124 -0.82881696488032708</Rotation>
<Translation>0.0012547501735772804 -0.015943461065506544 0.081722662668367432</Translation>
</Transform>
</Instance>
<Instance name="Part5^Assem1-m-2" uid="Part5^Assem1-m-2" entityUid="Part5^Assem1-m*:*Default">
<Transform>
<Rotation>-0.38540466596192707 -0.43143740632447819 0.81567457228896301 0.54340328709689489 0.60830738566211096 0.57851101296450458 -0.74577215758371207 0.66620108749005746 1.0833886522730564e-015</Rotation>
<Translation>0.016634008794061374 -0.049122553195527836 0.030140628355980144</Translation>
</Transform>
</Instance>
<Instance name="ISO 7045 - M4 x 10 - Z --- 10S-2" uid="ISO 7045 - M4 x 10 - Z --- 10S-2" entityUid="ISO 7045 - M4 x 10 - Z --- 10S*:*ISO 7045 - M4 x 10 - Z --- 10S">
<Transform>
<Rotation>-0.81567457228896378 0.55830953508979275 -0.15154357508332483 -0.57851101296450347 -0.78719139486314249 0.21366964157831164 0 0.26195452063524211 0.96508021900708363</Rotation>
<Translation>0.080163034151514934 -0.05235327922233568 0.21321427266556744</Translation>
</Transform>
</Instance>
<Instance name="Spring Pin ISO 13337 - 6 x 65 - St-3" uid="Spring Pin ISO 13337 - 6 x 65 - St-3" entityUid="Spring Pin ISO 13337 - 6 x 65 - St*:*Spring Pin ISO 13337 - 6 x 65 - St">
<Transform>
<Rotation>0.81567457228896367 -0.57851101296450402 2.6189398486839214e-012 0.57851101296450402 0.81567457228896367 -3.6925874275758645e-012 0 4.527035215382786e-012 1</Rotation>
<Translation>-0.045737859137181001 0.0083096234668014208 0.054254468489190216</Translation>
</Transform>
</Instance>
<Instance name="ISO 7045 - M1.6 x 8 - Z --- 8S-8" uid="ISO 7045 - M1.6 x 8 - Z --- 8S-8" entityUid="ISO 7045 - M1.6 x 8 - Z --- 8S*:*ISO 7045 - M1.6 x 8 - Z --- 8S">
<Transform>
<Rotation>-0.81567457228896356 -0.47947974191508336 -0.32368838288431212 -0.5785110129645038 0.67604492333459809 0.45638609697524907 0 0.55951982871616124 -0.82881696488032708</Rotation>
<Translation>0.0036161036508526364 -0.01927286352187399 0.09199223369343433</Translation>
</Transform>
</Instance>
<Instance name="ISO 7045 - M4 x 35 - Z --- 35S-8" uid="ISO 7045 - M4 x 35 - Z --- 35S-8" entityUid="ISO 7045 - M4 x 35 - Z --- 35S*:*ISO 7045 - M4 x 35 - Z --- 35S">
<Transform>
<Rotation>-0.81567457228896312 -0.03357780386355172 -0.57753573327450314 -0.57851101296450447 0.047343196915917124 0.81429947168382955 0 0.99831415536066659 -0.058041771221409598</Rotation>
<Translation>0.051662639860020891 -0.033776196534299342 0.11696916065870451</Translation>
</Transform>
</Instance>
<Instance name="gripper assem-1" uid="gripper assem-1" entityUid="gripper assem">
<Transform>
<Rotation>-0.067985873644771919 0.8156745722889629 0.57450231775509364 0.095857031524296324 0.57851101296450491 -0.81002249190138698 -0.99307066742105876 3.4917234349054058e-016 -0.11751871981898387</Rotation>
<Translation>0.16794253608606732 -0.23247000191398479 0.25170166076613892</Translation>
</Transform>
<Instance name="servo-1" uid="servo-1" entityUid="servo">
<Transform>
<Rotation>-1 1.1102230246251565e-015 3.7029143850605435e-015 3.7051774616862246e-015 -2.6307889172823453e-016 1 1.0963452368173421e-015 0.99999999999999989 1.7263316049168224e-016</Rotation>
<Translation>0 0 -0.015000000000000013</Translation>
</Transform>
<Instance name="Part4 middle cover-1" uid="Part4 middle cover-1" grounded="true" entityUid="Part4 middle cover*:*Default">
<Transform>
<Rotation>1 0 0 0 1 0 0 0 1</Rotation>
<Translation>0 0 0</Translation>
</Transform>
</Instance>
<Instance name="Part5 upper cover-1" uid="Part5 upper cover-1" entityUid="Part5 upper cover*:*Default">
<Transform>
<Rotation>1 0 0 0 1 0 0 0 1</Rotation>
<Translation>0 0.016500000000000015 0</Translation>
</Transform>
</Instance>
<Instance name="Part7-1" uid="Part7-1" entityUid="Part7*:*Default">
<Transform>
<Rotation>-0.33585445925168023 1.0130785099704553e-015 0.94191389319871555 -9.5756735873919752e-016 -1 7.9103390504542404e-016 0.94191389319871544 -5.6121121911049413e-016 0.33585445925168023</Rotation>
<Translation>-0.0054999999999895133 0.02650000000008329 2.3704562618354075e-014</Translation>
</Transform>
</Instance>
<Instance name="gear4-1" uid="gear4-1" entityUid="gear4*:*Default">
<Transform>
<Rotation>-1.0824674490095276e-015 0.99650423770840635 -0.083542230214352697 -1 -1.2073675392798577e-015 -1.5508427875232655e-015 -1.7824565461981594e-015 0.083542230214352864 0.99650423770840635</Rotation>
<Translation>-0.0065320327603349826 -0.035674477461211801 0.0007342794336398584</Translation>
</Transform>
</Instance>
<Instance name="Part3 bottom cover-1" uid="Part3 bottom cover-1" entityUid="Part3 bottom cover*:*Default">
<Transform>
<Rotation>1 0 0 0 1 0 0 0 1</Rotation>
<Translation>0 -0.00500000000000006 0</Translation>
</Transform>
</Instance>
</Instance>
<Instance name="Part5 t308-2" uid="Part5 t308-2" entityUid="Part5 t308*:*Default">
<Transform>
<Rotation>-0.94191389319871965 -3.3812737043233099e-016 0.33585445925166868 0.33585445925166874 0 0.94191389319871954 -3.05311331771918e-016 0.99999999999999989 1.5051277091270773e-016</Rotation>
<Translation>0.0068387082675345767 0.003769334845111934 0.028000000000019454</Translation>
</Transform>
</Instance>
<Instance name="part1 t307-1" uid="part1 t307-1" entityUid="part1 t307*:*Default">
<Transform>
<Rotation>0.33585445925167001 -0.0026961718867261203 -0.94191003437585552 0.94191389319871932 0.00096136319635757616 0.33585308332667785 -6.8209327075408055e-015 -0.99999590321058895 0.0028624398750162344</Rotation>
<Translation>-0.0038543954985857387 -0.00091121339687183565 0.044000000000073203</Translation>
</Transform>
</Instance>
<Instance name="Part6 t308-1" uid="Part6 t308-1" entityUid="Part6 t308*:*Default">
<Transform>
<Rotation>0.99999999999999989 0 0 0 2.6307889172823413e-016 1 0 -1 2.5064590851424048e-016</Rotation>
<Translation>0.0025000000000000022 -0.013500000000000014 0.0059999999999999498</Translation>
</Transform>
</Instance>
<Instance name="ISO 7045 - M3 x 25 - Z --- 25S-1" uid="ISO 7045 - M3 x 25 - Z --- 25S-1" entityUid="ISO 7045 - M3 x 25 - Z --- 25S*:*ISO 7045 - M3 x 25 - Z --- 25S">
<Transform>
<Rotation>0.33585445925166885 -0.21314412069040792 0.9174809894574828 0.94191389319871976 0.075999944277340942 -0.32714251675542261 -6.6266436782314031e-015 0.97406036377883354 0.22628832872034321</Rotation>
<Translation>0.02356184404395617 -0.029690772231295522 0.034043136746774727</Translation>
</Transform>
</Instance>
<Instance name="part2 t307-1" uid="part2 t307-1" entityUid="part2 t307*:*Default">
<Transform>
<Rotation>0.3358544592516714 -0.015997040498764686 -0.94177804014324329 0.94191389319871888 0.0057040005728015066 0.33580601867253379 -4.5241588253475129e-015 -0.9998557691351021 0.016983548723798522</Rotation>
<Translation>0.012158140685765151 -0.0066207392041213523 0.044000000000075756</Translation>
</Transform>
</Instance>
<Instance name="Part3 t307-1" uid="Part3 t307-1" entityUid="Part3 t307*:*Default">
<Transform>
<Rotation>-0.94177804014324396 0.01599704049876266 0.33585445925166929 0.33580601867253174 -0.0057040005728012846 0.94191389319871954 0.016983548723796552 0.9998557691351021 -4.0384362520740069e-015</Rotation>
<Translation>0.005251682387493628 -0.0015039606409103555 0.05855256529722086</Translation>
</Transform>
</Instance>
<Instance name="ISO 7045 - M4 x 12 - Z --- 12S-1" uid="ISO 7045 - M4 x 12 - Z --- 12S-1" entityUid="ISO 7045 - M4 x 12 - Z --- 12S*:*ISO 7045 - M4 x 12 - Z --- 12S">
<Transform>
<Rotation>0.33585445925166957 0.93444886351189838 -0.11835161039077574 0.94191389319871943 -0.33319268355553922 0.042200159055266945 -6.8209327075408055e-015 -0.12565013770935468 -0.99207461558776922</Rotation>
<Translation>0.0094377195658478241 -0.014250241739055236 0.044000000000044837</Translation>
</Transform>
</Instance>
<Instance name="Part4 t308-2" uid="Part4 t308-2" entityUid="Part4 t308*:*Default">
<Transform>
<Rotation>0.94191389319871954 -8.0491169285323849e-016 -0.33585445925166946 -0.33585445925166957 1.069188737821954e-015 -0.94191389319871954 1.1518563880485999e-015 1 8.1185058675714572e-016</Rotation>
<Translation>0.0041518725935215106 -0.0037659763004743744 0.028000000000011516</Translation>
</Transform>
</Instance>
<Instance name="ISO 7045 - M1.6 x 8 - Z --- 8S-4" uid="ISO 7045 - M1.6 x 8 - Z --- 8S-4" entityUid="ISO 7045 - M1.6 x 8 - Z --- 8S*:*ISO 7045 - M1.6 x 8 - Z --- 8S">
<Transform>
<Rotation>0.33585445925166929 -0.32228444132063638 0.88506187415536897 0.94191389319871954 0.11491567068555643 -0.31558296283246967 -6.2311267257086911e-015 0.9396420209385774 0.34215913327933545</Rotation>
<Translation>-0.011150805004471631 -0.0049980713981317123 0.028000000000046599</Translation>
</Transform>
</Instance>
<Instance name="servo-3" uid="servo-3" entityUid="servo">
<Transform>
<Rotation>-0.94191389319871932 -0.33585445925166973 6.5253358272343576e-014 0.33585445925166985 -0.94191389319871943 -1.7193980017261896e-014 6.7182370777629785e-014 5.7870375158586285e-015 1</Rotation>
<Translation>0.0083500533341894223 0.0080079473644840363 0.028000000000085901</Translation>
</Transform>
<Instance name="Part4 middle cover-1" uid="Part4 middle cover-1" grounded="true" entityUid="Part4 middle cover*:*Default">
<Transform>
<Rotation>1 0 0 0 1 0 0 0 1</Rotation>
<Translation>0 0 0</Translation>
</Transform>
</Instance>
<Instance name="gear4-1" uid="gear4-1" entityUid="gear4*:*Default">
<Transform>
<Rotation>1.3877787807814457e-015 -0.99982594150440363 -0.01865708162691225 -1 -1.2212453270876722e-015 3.3098523921637479e-015 -3.3376079677793768e-015 0.018657081626912306 -0.9998259415044034</Rotation>
<Translation>-0.0045483468544538219 -0.035674477461269838 -0.00083583143972759677</Translation>
</Transform>
</Instance>
<Instance name="Part5 upper cover-1" uid="Part5 upper cover-1" entityUid="Part5 upper cover*:*Default">
<Transform>
<Rotation>1 0 0 0 1 0 0 0 1</Rotation>
<Translation>0 0.016500000000000001 0</Translation>
</Transform>
</Instance>
<Instance name="Part7-1" uid="Part7-1" entityUid="Part7*:*Default">
<Transform>
<Rotation>-0.33511885307064138 -5.1625370645069779e-015 0.94217586167159784 1.3045120539345589e-015 -1 -5.2180482157382357e-015 0.94217586167159784 -7.0082828429463007e-016 0.33511885307064126</Rotation>
<Translation>-0.0054999999999982285 0.026499999999760951 1.7319479184152442e-014</Translation>
</Transform>
</Instance>
<Instance name="Part3 bottom cover-1" uid="Part3 bottom cover-1" entityUid="Part3 bottom cover*:*Default">
<Transform>
<Rotation>1 0 0 0 1 0 0 0 1</Rotation>
<Translation>0 -0.0050000000000000183 0</Translation>
</Transform>
</Instance>
</Instance>
<Instance name="Part3 t307-2" uid="Part3 t307-2" entityUid="Part3 t307*:*Default">
<Transform>
<Rotation>0.94191003437585574 0.0026961718867234835 -0.33585445925166962 -0.33585308332667746 -0.00096136319636146194 -0.94191389319871954 -0.002862439875015152 0.99999590321058918 2.2551405187698492e-015</Rotation>
<Translation>0.0050018371499240266 -0.0014148743265985685 0.058386494179049897</Translation>
</Transform>
</Instance>
<Instance name="ISO 7045 - M4 x 12 - Z --- 12S-5" uid="ISO 7045 - M4 x 12 - Z --- 12S-5" entityUid="ISO 7045 - M4 x 12 - Z --- 12S*:*ISO 7045 - M4 x 12 - Z --- 12S">
<Transform>
<Rotation>0.3358544592516689 0.37944466506168018 0.86210412848854756 0.94191389319871965 -0.13529706241771014 -0.30739701153454491 -6.2172489379008758e-015 0.91526851309185076 -0.40284432345837073</Rotation>
<Translation>-0.0065748166185427004 -0.00854071593175873 0.044000000000069595</Translation>
</Transform>
</Instance>
<Instance name="ISO 7045 - M1.6 x 8 - Z --- 8S-5" uid="ISO 7045 - M1.6 x 8 - Z --- 8S-5" entityUid="ISO 7045 - M1.6 x 8 - Z --- 8S*:*ISO 7045 - M1.6 x 8 - Z --- 8S">
<Transform>
<Rotation>0.3358544592516694 0.91984296546051458 0.20270841396837827 0.94191389319871943 -0.32798471706586768 -0.072278926184981579 -5.766220834146906e-015 0.2152090710542412 -0.97656799852133735</Rotation>
<Translation>0.015222784005081813 -0.014401996257173207 0.028000000000144243</Translation>
</Transform>
</Instance>
<Instance name="ISO 7045 - M1.6 x 3 - Z --- 3S-4" uid="ISO 7045 - M1.6 x 3 - Z --- 3S-4" entityUid="ISO 7045 - M1.6 x 3 - Z --- 3S*:*ISO 7045 - M1.6 x 3 - Z --- 3S">
<Transform>
<Rotation>0.33585445925166901 -0.63443161020010175 0.6962027823699608 0.94191389319871965 0.22621673479336932 -0.24824223391408931 -5.3637649877202875e-015 0.73913633443251348 0.67355584706961558</Rotation>
<Translation>0.011455218762880415 -0.02420612642190512 0.025067710035502622</Translation>
</Transform>
</Instance>
<Instance name="Part8 t308-1" uid="Part8 t308-1" entityUid="Part8 t308*:*Default">
<Transform>
<Rotation>-0.94191389319871965 -0.33585445925166879 3.2398181095031417e-015 0.33585445925166879 -0.94191389319871976 5.4086123433637499e-015 1.2351231148954867e-015 6.1825544683813421e-015 1</Rotation>
<Translation>0.0055000000000114402 1.2737207122359706e-014 0.013000000000017498</Translation>
</Transform>
</Instance>
<Instance name="Part6 t308-2" uid="Part6 t308-2" entityUid="Part6 t308*:*Default">
<Transform>
<Rotation>1 0 1.9773928796133255e-015 -1.9773928796133255e-015 -5.1407722550937564e-016 1 0 -1 -5.1407722550937554e-016</Rotation>
<Translation>0.0025000000000000022 0.01350000000000001 0.0059999999999999498</Translation>
</Transform>
</Instance>
<Instance name="Part9 t308-2" uid="Part9 t308-2" entityUid="Part9 t308*:*Default">
<Transform>
<Rotation>0.7797540741479666 -0.52837994478444705 -0.33585445925167051 -0.27803378293200193 0.18840231778763336 -0.94191389319871932 0.56096416944236971 0.82784008153859778 5.0237591864288333e-015</Rotation>
<Translation>0.01838175299743966 -0.024499473204157747 0.029555423391253333</Translation>
</Transform>
</Instance>
<Instance name="Part7 t308-1" uid="Part7 t308-1" grounded="true" entityUid="Part7 t308*:*Default">
<Transform>
<Rotation>1 0 0 0 1 0 0 0 1</Rotation>
<Translation>0 0 0</Translation>
</Transform>
</Instance>
<Instance name="ISO 7045 - M1.6 x 3 - Z --- 3S-3" uid="ISO 7045 - M1.6 x 3 - Z --- 3S-3" entityUid="ISO 7045 - M1.6 x 3 - Z --- 3S*:*ISO 7045 - M1.6 x 3 - Z --- 3S">
<Transform>
<Rotation>0.33585445925166901 0.24526219105255875 0.90942192619315432 0.94191389319871965 -0.087452155813410995 -0.32426892888899778 -5.8633653488016072e-015 0.96550431282500493 -0.26038706172986964</Rotation>
<Translation>0.0043617530093688628 -0.019553501445763816 0.028000000000401204</Translation>
</Transform>
</Instance>
<Instance name="ISO 7045 - M4 x 35 - Z --- 35S-3" uid="ISO 7045 - M4 x 35 - Z --- 35S-3" entityUid="ISO 7045 - M4 x 35 - Z --- 35S*:*ISO 7045 - M4 x 35 - Z --- 35S">
<Transform>
<Rotation>-1.5862596589969972e-016 0.61254060768877527 -0.7904391209525663 -1 2.277149173522776e-015 1.9653282122160502e-015 3.00379112841592e-015 0.7904391209525663 0.61254060768877527</Rotation>
<Translation>-0.024999999999959388 0.01909999999999477 7.2386541205560206e-014</Translation>
</Transform>
</Instance>
<Instance name="Hexagon Thin Nut ISO - 4035 - M3 - N-2" uid="Hexagon Thin Nut ISO - 4035 - M3 - N-2" entityUid="Hexagon Thin Nut ISO - 4035 - M3 - N*:*Hexagon Thin Nut ISO - 4035 - M3 - N">
<Transform>
<Rotation>-0.015495655175277817 0.94178642317218531 0.33585445925166829 0.0055252236188728298 -0.33580900777553907 0.94191389319871976 0.99986466913010297 0.016451243884571851 -2.6922908347160046e-015</Rotation>
<Translation>0.031857449187463027 -0.0064254990692871449 0.034043136746770564</Translation>
</Transform>
</Instance>
<Instance name="ISO 7045 - M1.6 x 8 - Z --- 8S-7" uid="ISO 7045 - M1.6 x 8 - Z --- 8S-7" entityUid="ISO 7045 - M1.6 x 8 - Z --- 8S*:*ISO 7045 - M1.6 x 8 - Z --- 8S">
<Transform>
<Rotation>-1.7624790515924356e-015 0.83666335166629735 -0.54771747824815453 -9.5816643535943717e-016 -0.54771747824815453 -0.83666335166629735 -1 -9.4979712682986986e-016 1.7670033228653833e-015</Rotation>
<Translation>0.013999999999997736 0 0.0038000000000008027</Translation>
</Transform>
</Instance>
<Instance name="Spring Pin ISO 8752 - 5 x 14 - St-1" uid="Spring Pin ISO 8752 - 5 x 14 - St-1" entityUid="Spring Pin ISO 8752 - 5 x 14 - St*:*Spring Pin ISO 8752 - 5 x 14 - St">
<Transform>
<Rotation>-0.33585445925166807 -0.24526219105252603 0.90942192619316364 -0.94191389319871988 0.087452155813399671 -0.32426892888899989 5.3082538364890297e-015 -0.96550431282501437 -0.260387061729835</Rotation>
<Translation>0.029573638864549501 -0.012830513543037448 0.034043136746775005</Translation>
</Transform>
</Instance>
<Instance name="ISO 7045 - M4 x 35 - Z --- 35S-4" uid="ISO 7045 - M4 x 35 - Z --- 35S-4" entityUid="ISO 7045 - M4 x 35 - Z --- 35S*:*ISO 7045 - M4 x 35 - Z --- 35S">
<Transform>
<Rotation>-2.0887028699392426e-016 0.61254060768877527 -0.7904391209525663 -1 2.2861999015106098e-015 2.0359070310486594e-015 3.0541775704682867e-015 0.7904391209525663 0.61254060768877527</Rotation>
<Translation>-0.0043999999999754236 0.019099999999995374 -0.026999999999932245</Translation>
</Transform>
</Instance>
<Instance name="ISO 7045 - M2.5 x 20 - Z --- 20S-1" uid="ISO 7045 - M2.5 x 20 - Z --- 20S-1" entityUid="ISO 7045 - M2.5 x 20 - Z --- 20S*:*ISO 7045 - M2.5 x 20 - Z --- 20S">
<Transform>
<Rotation>0.33585445925166951 -0.7617558803015827 0.55401241956000369 0.94191389319871954 0.27161623913587951 -0.19754198651656857 -5.2527426852577719e-015 0.58817735204922816 0.80873197200083435</Rotation>
<Translation>-0.011419488571889513 -0.0057516025126913249 0.018000000000048477</Translation>
</Transform>
</Instance>
<Instance name="ISO 7045 - M3 x 10 - Z --- 10S-2" uid="ISO 7045 - M3 x 10 - Z --- 10S-2" entityUid="ISO 7045 - M3 x 10 - Z --- 10S*:*ISO 7045 - M3 x 10 - Z --- 10S">
<Transform>
<Rotation>0.33585445925167035 0.24526219105255423 0.90942192619315509 0.9419138931987191 -0.087452155813408552 -0.32426892888899977 -7.0637939941775585e-015 0.96550431282500637 -0.26038706172986459</Rotation>
<Translation>0.01234862129296932 -0.011890832147009847 0.083383369925484063</Translation>
</Transform>
</Instance>
<Instance name="ISO 7045 - M1.6 x 8 - Z --- 8S-6" uid="ISO 7045 - M1.6 x 8 - Z --- 8S-6" entityUid="ISO 7045 - M1.6 x 8 - Z --- 8S*:*ISO 7045 - M1.6 x 8 - Z --- 8S">
<Transform>
