<?xml version="1.0" encoding="UTF-8" standalone="no" ?>
<SimscapeMultibodyImportXML version="2.0" xmlns="urn:mathworks:SimscapeMultibody:import" xmlns:xsi="http://www.w3.org/2001/XMLSchema-instance">
<Created by="" on="08/27/18||21:24:25" using="Simscape Multibody Link Version 5.0" from="SolidWorks 22.4.0"/>
<ModelUnits mass="kilogram" length="millimeter"/>
<DataUnits mass="kilogram" length="meter"/>
<RootAssembly name="work" uid="work" version="112">
<AssemblyFile name="work.SLDASM" type="SolidWorks Assembly"/>
<InstanceTree>
<Instance name="box-1" uid="box-1" entityUid="box*:*Default">
<Transform>
<Rotation>1 0 0 0 1 0 0 0 1</Rotation>
<Translation>0.14822257577432657 0.35679597040044048 0.76017403551253881</Translation>
</Transform>
</Instance>
<Instance name="floor-1" uid="floor-1" grounded="true" entityUid="floor*:*Default">
<Transform>
<Rotation>1 0 0 0 1 0 0 0 1</Rotation>
<Translation>0.35695548518200704 0.5401042256280566 0.75729773581969639</Translation>
</Transform>
</Instance>
<Instance name="BASE ASSEMBLE-1" uid="BASE ASSEMBLE-1" entityUid="BASE ASSEMBLE">
<Transform>
<Rotation>0.99999999999999967 0 -2.5644258466739338e-008 -2.5644258466739338e-008 0 -0.99999999999999967 0 1 0</Rotation>
<Translation>0.33466534814056503 0.59515082430610999 0.77206505497589761</Translation>
</Transform>
<Instance name="Motor Head-4" uid="Motor Head-4" entityUid="Motor Head*:*Default">
<Transform>
<Rotation>-0.078618014140251047 0.76265366871241558 -0.64201136240111556 -0.99258557211762177 0 0.12154785898539526 0.092698920579351016 0.64680706675135624 0.75699902808651609</Rotation>
<Translation>-0.13218955551121359 0.24496962240171949 0.047946097150503464</Translation>
</Transform>
</Instance>
<Instance name="Servo Motor 16-4" uid="Servo Motor 16-4" entityUid="Servo Motor 16*:*Default">
<Transform>
<Rotation>-0.33760586034135748 -0.7626536687124148 -0.55170795232864478 0.85297143567036815 8.7623102990527068e-016 -0.52195759399632402 0.39807287397360214 -0.64680706675135702 0.65052179472090121</Rotation>
<Translation>-0.087544456443812868 0.21245496346160553 0.075093205369254457</Translation>
</Transform>
</Instance>
<Instance name="Base Bolt-1" uid="Base Bolt-1" entityUid="Base Bolt*:*Default">
<Transform>
<Rotation>0.96286012211988403 0 0.27000071339032072 0 1 0 -0.27000071339032072 0 0.96286012211988403</Rotation>
<Translation>-0.0076387748046958803 -0.011767320710635687 0.06708158472418424</Translation>
</Transform>
</Instance>
<Instance name="Arm 2-1" uid="Arm 2-1" entityUid="Arm 2*:*Default">
<Transform>
<Rotation>-0.33760586034134904 0.55170795232864833 -0.76265366871241569 0.85297143567037603 0.5219575939963107 -4.4408921210969995e-016 0.39807287397359176 -0.65052179472090876 -0.64680706675135557</Rotation>
<Translation>-0.083570590525708977 0.11848411261232816 0.018436555145476374</Translation>
</Transform>
</Instance>
<Instance name="Upper Arm Spacer-2" uid="Upper Arm Spacer-2" entityUid="Upper Arm Spacer*:*Default">
<Transform>
<Rotation>0.64188459604382808 0.76265366871241547 -0.07964638699366669 -0.12313778109088623 0 -0.99238958421983292 -0.75684955719724423 0.64680706675135635 0.093911480506070746</Rotation>
<Translation>-0.17024199393306155 0.25264727863084135 0.092813931366487967</Translation>
</Transform>
</Instance>
<Instance name="Base Bolt-2" uid="Base Bolt-2" entityUid="Base Bolt*:*Default">
<Transform>
<Rotation>-0.7256362361430041 0 -0.68807852226051558 0 1 0 0.68807852226051558 0 -0.7256362361430041</Rotation>
<Translation>-0.11589195027775034 -0.011767317934563315 0.067081587500256723</Translation>
</Transform>
</Instance>
<Instance name="Front Arm 2-1" uid="Front Arm 2-1" entityUid="Front Arm 2*:*Default">
<Transform>
<Rotation>-0.64015965404954267 0.76265366871241536 0.092493237194204353 0.14299973198926236 6.8064927777148674e-016 0.98972272715695453 0.75481566887430795 0.64680706675135635 -0.10905927022650344</Rotation>
<Translation>-0.086073187345374808 0.24406728973307268 0.086333406224501807</Translation>
</Transform>
</Instance>
<Instance name="Base Spacer-3" uid="Base Spacer-3" entityUid="Base Spacer*:*Default">
<Transform>
<Rotation>-0.16598846980872617 0 0.98612769350148444 0 1 0 -0.98612769350148444 0 -0.16598846980872617</Rotation>
<Translation>-0.0076387748046958803 0.0022326792893643255 0.06708158472418424</Translation>
</Transform>
</Instance>
<Instance name="Base Bolt-3" uid="Base Bolt-3" entityUid="Base Bolt*:*Default">
<Transform>
<Rotation>0.82732303054090084 0 -0.56172644867107691 0 1 0 0.56172644867107691 0 0.82732303054090084</Rotation>
<Translation>-0.061765362541223112 -0.011767319322599556 -0.026668413887779852</Translation>
</Transform>
</Instance>
<Instance name="Front Arm 1-1" uid="Front Arm 1-1" entityUid="Front Arm 1*:*Default">
<Transform>
<Rotation>-0.64015965404954278 0.76265366871241536 0.092493237194203326 0.14299973198926005 1.0007823270626086e-016 0.98972272715695475 0.7548156688743084 0.64680706675135624 -0.10905927022650139</Rotation>
<Translation>-0.13412036847425524 0.24406728973308667 0.045584561019166636</Translation>
</Transform>
</Instance>
<Instance name="Upper Arm Spacer-1" uid="Upper Arm Spacer-1" entityUid="Upper Arm Spacer*:*Default">
<Transform>
<Rotation>0.60245529329340564 0.76265366871241547 0.23538691803549669 0.36392137645889894 3.1325524985481799e-016 -0.93142967085886863 -0.71035825562811394 0.64680706675135613 -0.27754597287925109</Rotation>
<Translation>-0.20865157317603414 0.26122726196537105 0.13810287222760931</Translation>
</Transform>
</Instance>
<Instance name="Arm 1-1" uid="Arm 1-1" entityUid="Arm 1*:*Default">
<Transform>
<Rotation>-0.33760586034134998 -0.55170795232864833 0.76265366871241536 0.85297143567037526 -0.52195759399631203 0 0.39807287397359287 0.65052179472090765 0.64680706675135613</Rotation>
<Translation>-0.02081760309679398 0.1398843739661777 0.025801951913029475</Translation>
</Transform>
</Instance>
<Instance name="Mounting 1-2" uid="Mounting 1-2" entityUid="Mounting 1*:*Default">
<Transform>
<Rotation>1 0 0 0 1 0 0 0 1</Rotation>
<Translation>-0.094966996785868063 0.0022326808437987955 0.093082247862611989</Translation>
</Transform>
</Instance>
<Instance name="Motor Head-5" uid="Motor Head-5" entityUid="Motor Head*:*Default">
<Transform>
<Rotation>0.53118320431613542 0.76265366871241536 0.36905796977160116 0.57058431910032459 4.5114619430913469e-016 -0.82123902415607297 -0.62632095466243309 0.64680706675135646 -0.43515822427163769</Rotation>
<Translation>-0.25950859914773117 0.26952124585541015 0.17023965452517437</Translation>
</Transform>
</Instance>
<Instance name="WRIST ASSEMBLE-1" uid="WRIST ASSEMBLE-1" entityUid="WRIST ASSEMBLE" rigid="true">
<Transform>
<Rotation>0.76265366871241536 -0.00017858889564612698 -0.64680704209640438 6.806492871806662e-016 0.99999996188206164 -0.00027610844844751898 0.64680706675135635 0.00021057512117055282 0.76265363964162958</Rotation>
<Translation>-0.2388595886595693 0.23556911304054928 0.19549070364391524</Translation>
</Transform>
<Instance name="Wrist 1-1" uid="Wrist 1-1" entityUid="Wrist 1*:*Default">
<Transform>
<Rotation>0 0 -1 0 1 0 0.99999999999999967 0 0</Rotation>
<Translation>0.044919399114662667 0.014641128794306457 -0.02393188749393399</Translation>
</Transform>
</Instance>
<Instance name="Wrist Support-2" uid="Wrist Support-2" entityUid="Wrist Support*:*Default">
<Transform>
<Rotation>0 -1 0 0 0 1 -0.99999999999999967 0 0</Rotation>
<Translation>-0.029080600885337371 0.022641128794306464 0.016068112506066046</Translation>
</Transform>
</Instance>
<Instance name="Wrist 2-1" uid="Wrist 2-1" grounded="true" entityUid="Wrist 2*:*Default">
<Transform>
<Rotation>1 0 0 0 1 0 0 0 1</Rotation>
<Translation>-0.035080600885337349 -0.0053588712056935606 0.01606811250606599</Translation>
</Transform>
</Instance>
<Instance name="Wrist Support-1" uid="Wrist Support-1" entityUid="Wrist Support*:*Default">
<Transform>
<Rotation>0 1 0 0 0 1 0.99999999999999967 0 0</Rotation>
<Translation>0.038919399114662662 0.022641128794306464 -0.02393188749393399</Translation>
</Transform>
</Instance>
<Instance name="Wrist 1-2" uid="Wrist 1-2" entityUid="Wrist 1*:*Default">
<Transform>
<Rotation>0 0 1 1.2495430037895439e-016 1 0 -0.99999999999999967 1.2479167005308156e-016 0</Rotation>
<Translation>-0.035080600885337349 0.014641128794306457 0.01606811250606599</Translation>
</Transform>
</Instance>
</Instance>
<Instance name="Servo Motor 16-1" uid="Servo Motor 16-1" entityUid="Servo Motor 16*:*Default">
<Transform>
<Rotation>0.64680706675135702 -0.76265366871241458 -3.2743680440900663e-015 5.0779800439583042e-015 0 0.99999999999999978 -0.76265366871241458 -0.64680706675135702 3.8812944595982627e-015</Rotation>
<Translation>-0.057241600361655764 0.15123268067549367 0.067203626038371378</Translation>
</Transform>
</Instance>
<Instance name="Servo Motor 6-1" uid="Servo Motor 6-1" entityUid="Servo Motor 6*:*Default">
<Transform>
<Rotation>-0.64015965404954245 -0.76265366871241558 -0.092493237194203062 0.14299973198926 -3.8240447511276377e-016 -0.98972272715695475 0.75481566887430873 -0.64680706675135602 0.10905927022650154</Rotation>
<Translation>-0.22617873315406622 0.26129490995240534 0.17886796806617034</Translation>
</Transform>
</Instance>
<Instance name="Servo Motor 16-3" uid="Servo Motor 16-3" entityUid="Servo Motor 16*:*Default">
<Transform>
<Rotation>1 0 0 0 1 0 0 0 1</Rotation>
<Translation>-0.084966996785868054 0.012232680843798804 0.081082247862612089</Translation>
</Transform>
</Instance>
<Instance name="Motor Head-3" uid="Motor Head-3" entityUid="Motor Head*:*Default">
<Transform>
<Rotation>0.28579458700455002 0.7626536687124148 -0.58024204918154043 -0.8970867496792434 0 -0.44185445969225018 -0.33698192472123639 0.64680706675135713 0.6841665007961707</Rotation>
<Translation>-0.075914081940334666 0.14123268067365857 0.0094087253550467764</Translation>
</Transform>
</Instance>
<Instance name="Base Spacer-2" uid="Base Spacer-2" entityUid="Base Spacer*:*Default">
<Transform>
<Rotation>0.99999999999999967 0 2.5644258466739338e-008 0 1 0 -2.5644258466739338e-008 0 0.99999999999999967</Rotation>
<Translation>-0.061765362541223112 0.0022326806774004559 -0.026668413887779852</Translation>
</Transform>
</Instance>
<Instance name="basic-1" uid="basic-1" entityUid="basic*:*Default">
<Transform>
<Rotation>0.95989480947581785 0 -0.28036040152165409 0 1 -1.0091342541994061e-016 0.28036040152165409 0 0.95989480947581796</Rotation>
<Translation>0.0075686462837202817 -1.6826240401002224e-010 0.018753594268412721</Translation>
</Transform>
</Instance>
<Instance name="Base Plate 1-1" uid="Base Plate 1-1" grounded="true" entityUid="Base Plate 1*:*Default">
<Transform>
<Rotation>1 0 0 0 1 0 0 0 1</Rotation>
<Translation>-0.061765362541223112 -0.011767319156201217 0.035831586278618599</Translation>
</Transform>
</Instance>
<Instance name="Base Plate 2-1" uid="Base Plate 2-1" entityUid="Base Plate 2*:*Default">
<Transform>
<Rotation>1 0 0 0 1 0 0 0 1</Rotation>
<Translation>-0.061765362541223112 0.072232680843798747 0.035831586278618488</Translation>
</Transform>
</Instance>
<Instance name="Base Spacer-1" uid="Base Spacer-1" entityUid="Base Spacer*:*Default">
<Transform>
<Rotation>0.99999999999999967 0 2.5644258466739338e-008 0 1 0 -2.5644258466739338e-008 0 0.99999999999999967</Rotation>
<Translation>-0.11589195027775034 0.0022326820654366974 0.067081587500256723</Translation>
</Transform>
</Instance>
<Instance name="Servo Motor 6-2" uid="Servo Motor 6-2" entityUid="Servo Motor 6*:*Default">
<Transform>
<Rotation>0.76265366871241536 0.00017858889564609435 0.64680704209640438 6.2877021322723482e-016 -0.99999996188206164 0.00027610844844752971 0.64680706675135635 -0.00021057512117059456 -0.76265363964162958</Rotation>
<Translation>-0.24088813519136401 0.24621298370728395 0.1807513432986535</Translation>
</Transform>
</Instance>
<Instance name="Base Gear-1" uid="Base Gear-1" entityUid="Base Gear*:*Default">
<Transform>
<Rotation>0 -0.97384505456529369 -0.22721313716138955 -1 0 0 0 0.22721313716138955 -0.97384505456529369</Rotation>
<Translation>-0.095280860559554009 0.10896517587949905 -0.085084490535858204</Translation>
</Transform>
</Instance>
<Instance name="Shaft Gear-1" uid="Shaft Gear-1" entityUid="Shaft Gear*:*Default">
<Transform>
<Rotation>0.98655506376162472 2.3057366018928288e-016 -0.16342920842461744 -2.1786259232988235e-016 1 0 0.16342920842461744 0 0.98655506376162472</Rotation>
<Translation>0.025409220623116457 0.0060798942865938344 0.042567934705025401</Translation>
</Transform>
</Instance>
<Instance name="Assem1-1" uid="Assem1-1" entityUid="Assem1">
<Transform>
<Rotation>-0.71759746345243358 0.69645807379384983 0.00017858889564674284 1.8501810237224649e-005 0.00027548785512622952 -0.99999996188206164 -0.69645809644537571 -0.71759743279487997 -0.00021057512117005059</Rotation>
<Translation>-0.23158071689211474 0.16783242382860519 0.18728282402747315</Translation>
</Transform>
<Instance name="pin-8" uid="pin-8" entityUid="pin*:*Default">
<Transform>
<Rotation>0.67966254810548421 -6.2796193660749028e-015 0.73352492848079842 4.0466761885848967e-015 1.0000000000000002 4.8088703158422064e-015 -0.73352492848079842 -2.3592239273284576e-016 0.67966254810548421</Rotation>
<Translation>0.022463408678678826 -0.013246024212728413 0.027210783167413544</Translation>
</Transform>
</Instance>
<Instance name="pin-6" uid="pin-6" entityUid="pin*:*Default">
<Transform>
<Rotation>0.99572176929098033 4.3722398796023181e-016 -0.092402154520550409 -4.2143954884048263e-016 1 0 0.092402154520550409 0 0.99572176929098022</Rotation>
<Translation>-0.010435513734450036 -0.013246022377097544 0.018619158789924373</Translation>
</Transform>
</Instance>
<Instance name="pin-7" uid="pin-7" entityUid="pin*:*Default">
<Transform>
<Rotation>0.99572176929097955 -3.9945160025145091e-016 -0.092402154520559013 4.0885263924428367e-016 1 0 0.092402154520559013 -1.2023513037592656e-016 0.99572176929097955</Rotation>
<Translation>-0.00043551373445085972 -0.013246022377096434 0.018619158784335843</Translation>
</Transform>
</Instance>
<Instance name="grippercombine-1" uid="grippercombine-1" entityUid="grippercombine*:*Default">
<Transform>
<Rotation>1 0 0 0 1 0 0 0 1</Rotation>
<Translation>0 0 0</Translation>
</Transform>
</Instance>
<Instance name="grip4-6" uid="grip4-6" entityUid="grip4*:*Default">
<Transform>
<Rotation>3.9543872191627981e-016 -0.92578119999199204 -0.37805974361387235 -1 -3.7529658200585736e-016 -3.3767476662061036e-016 1.6089560239684886e-016 0.37805974361387235 -0.92578119999199215</Rotation>
<Translation>-0.025477726479358836 -0.0022460210164669259 0.021252962612947845</Translation>
</Transform>
</Instance>
<Instance name="pin-2" uid="pin-2" entityUid="pin*:*Default">
<Transform>
<Rotation>0.99572176929098111 -5.0028684612989402e-015 -0.092402154520542859 5.0762345715771318e-015 1 -5.4128793461338809e-016 0.092402154520542887 0 0.99572176929098122</Rotation>
<Translation>-0.019899020605308654 -0.013246023450867339 0.04813935604388131</Translation>
</Transform>
</Instance>
<Instance name="grip1-8" uid="grip1-8" entityUid="grip1*:*Default">
<Transform>
<Rotation>-0.41614155598319758 3.2997413251693049e-016 0.90929984349711801 -7.9266020830415229e-016 1 -7.2564950899903822e-016 -0.90929984349711801 -1.0227387191306616e-015 -0.41614155598319758</Rotation>
<Translation>0.012464873147057326 -0.00024602213983254684 0.04680745004873732</Translation>
</Transform>
</Instance>
<Instance name="ISO - Spur gear 1.125M 24T 20PA 5FW ---S24A75H50L3.0N-10" uid="ISO - Spur gear 1.125M 24T 20PA 5FW ---S24A75H50L3.0N-10" entityUid="ISO - Spur gear 1.125M 24T 20PA 5FW ---S24A75H50L3.0N*:*ISO - Spur gear 1.125M 24T 20PA 5FW ---S24A75H50L3.0N">
<Transform>
<Rotation>-2.151809116649725e-016 -0.83343680154367039 0.55261478249559748 -1 0 0 0 -0.55261478249559748 -0.83343680154367028</Rotation>
<Translation>-0.018435513405210824 0.0077539774899932912 -0.0013808453959365252</Translation>
</Transform>
</Instance>
<Instance name="grip2-1" uid="grip2-1" grounded="true" entityUid="grip2*:*Default">
<Transform>
<Rotation>1 0 0 0 1 0 0 0 1</Rotation>
<Translation>-0.023435512764449412 -0.0082460210164541081 0.023619156675145025</Translation>
</Transform>
</Instance>
<Instance name="grip4-3" uid="grip4-3" entityUid="grip4*:*Default">
<Transform>
<Rotation>0 0.89075764580539207 0.45447862044240966 1.0000000000000002 5.8197262113590664e-016 -6.0043116312247236e-016 -7.8713077722447622e-016 0.45447862044240966 -0.89075764580539196</Rotation>
<Translation>0.020282016747383558 -0.0052460210197266544 0.020484601975837236</Translation>
</Transform>
</Instance>
<Instance name="grip1-9" uid="grip1-9" entityUid="grip1*:*Default">
<Transform>
<Rotation>-0.30527450060106381 3.5247404543048726e-016 -0.95226439568156229 -7.9943647188218669e-016 1 6.2642436055760636e-016 0.95226439568156229 9.5250627261625468e-016 -0.30527450060106381</Rotation>
<Translation>-0.010435513405210706 -0.013246022510006616 0.018619154604062937</Translation>
</Transform>
</Instance>
<Instance name="pin-3" uid="pin-3" entityUid="pin*:*Default">
<Transform>
<Rotation>0.59612285150944877 1.0051378992729029e-015 0.80289323443920202 -7.0614087493980904e-016 1 -7.2760756010660306e-016 -0.80289323443920202 -1.3321223753957054e-016 0.59612285150944877</Rotation>
<Translation>-0.018435513744051168 -0.013246022373205157 -0.0013808412056091068</Translation>
</Transform>
</Instance>
<Instance name="pin-5" uid="pin-5" entityUid="pin*:*Default">
<Transform>
<Rotation>0.995721769290979 -5.5024657411324789e-015 -0.092402154520563259 5.6257387257788866e-015 1 -4.3666242496853691e-016 0.092402154520563246 -1.0121027280152184e-016 0.99572176929097911</Rotation>
<Translation>0.01246487918982514 -0.013246024277977053 0.046807451470929351</Translation>
</Transform>
</Instance>
<Instance name="grip1-6" uid="grip1-6" entityUid="grip1*:*Default">
<Transform>
<Rotation>0.30527450060106626 7.1475776675482602e-016 0.9522643956815614 1.1045851733282319e-015 1 -7.5761337307855836e-016 -0.95226439568156152 1.2733412414756007e-015 0.30527450060106637</Rotation>
<Translation>-0.019899022923843768 -0.00024602251000660491 0.0481393508701915</Translation>
</Transform>
</Instance>
<Instance name="ISO - Spur gear 1.125M 24T 20PA 5FW ---S24A75H50L3.0N-9" uid="ISO - Spur gear 1.125M 24T 20PA 5FW ---S24A75H50L3.0N-9" entityUid="ISO - Spur gear 1.125M 24T 20PA 5FW ---S24A75H50L3.0N*:*ISO - Spur gear 1.125M 24T 20PA 5FW ---S24A75H50L3.0N">
<Transform>
<Rotation>1.0418327324678134e-016 0.99766895118670262 0.068239752622827887 1 2.285633704871004e-016 -1.3242987435824194e-015 -1.3302076454224654e-015 0.068239752622827915 -0.99766895118670262</Rotation>
<Translation>0.0084644865947893777 0.0027539774899935088 -0.0013808453959369693</Translation>
</Transform>
</Instance>
<Instance name="Gear 1-1" uid="Gear 1-1" entityUid="Gear 1*:*Default">
<Transform>
<Rotation>-0.31807557327278491 -5.064631874560973e-016 -0.94806536150583476 -1.1151019344013413e-016 1.0000000000000002 -5.7258071981675096e-016 0.94806536150583487 0 -0.31807557327278496</Rotation>
<Translation>-0.021650094106711676 -0.00024602251000666042 0.0082006279108628455</Translation>
</Transform>
</Instance>
<Instance name="Gear 2-1" uid="Gear 2-1" entityUid="Gear 2*:*Default">
<Transform>
<Rotation>-0.19230118583662015 3.8174535319885344e-016 0.98133595364983428 -1.6137807236360491e-015 1.0000000000000002 -5.3330549611846356e-016 -0.98133595364983439 -1.6720023802985207e-015 -0.19230118583662018</Rotation>
<Translation>0.0065210232965445258 -0.00024602213983260235 -0.011298562405660517</Translation>
</Transform>
</Instance>
<Instance name="grip4-1" uid="grip4-1" entityUid="grip4*:*Default">
<Transform>
<Rotation>1.3254192407858223e-015 0.8907576458053913 0.45447862044241089 1 -8.0601663815041379e-016 -1.336594793206465e-015 -8.2426470163210455e-016 0.45447862044241089 -0.8907576458053913</Rotation>
<Translation>0.020282016747352805 -0.0082460210197261019 0.020484601975813477</Translation>
</Transform>
</Instance>
<Instance name="grip4-5" uid="grip4-5" entityUid="grip4*:*Default">
<Transform>
<Rotation>3.9543855151707363e-016 -0.92578119999199271 -0.37805974361387079 -1 -4.3038760489527705e-016 -3.3745792618611326e-016 1.7011132086297565e-016 0.37805974361387085 -0.92578119999199282</Rotation>
<Translation>-0.025477726479341711 -0.0052460210164709253 0.021252962612950843</Translation>
</Transform>
</Instance>
<Instance name="grip1-10" uid="grip1-10" entityUid="grip1*:*Default">
<Transform>
<Rotation>-0.41614155598319824 -1.2322405103353604e-016 0.90929984349711757 -9.3160071670816968e-016 1 -2.9083225149956011e-016 -0.90929984349711757 -9.6813177157366518e-016 -0.41614155598319824</Rotation>
<Translation>0.012464873147056771 -0.013246022139832336 0.046807450048736987</Translation>
</Transform>
</Instance>
<Instance name="Servo Motor 6-1" uid="Servo Motor 6-1" entityUid="Servo Motor 6*:*Default">
<Transform>
<Rotation>-1 1.0415866214201605e-016 0 -1.0415866214201605e-016 1 0 0 0 -1</Rotation>
<Translation>0.024464486654792728 -0.030246022534922978 -0.0073808412541964685</Translation>
</Transform>
</Instance>
<Instance name="pin-1" uid="pin-1" entityUid="pin*:*Default">
<Transform>
<Rotation>0.96074210489474365 -4.7332765051486538e-015 0.27744298131763456 4.5813369374189664e-015 1 1.1958969410037404e-015 -0.27744298131763456 1.2211123400100087e-016 0.96074210489474365</Rotation>
<Translation>-0.028216335027415052 -0.013246023425486364 0.027772169673903391</Translation>
</Transform>
</Instance>
<Instance name="grip5-1" uid="grip5-1" entityUid="grip5*:*Default">
<Transform>
<Rotation>1 0 0 0 1 0 0 0 1</Rotation>
<Translation>-0.015435513345207347 -0.002246022534923009 -0.011380841254196472</Translation>
</Transform>
</Instance>
</Instance>
<Instance name="Motor Head-6" uid="Motor Head-6" entityUid="Motor Head*:*Default">
<Transform>
<Rotation>0.81760631713513632 0 0.57577765689606175 0 -1 0 0.57577765689606175 0 -0.81760631713513632</Rotation>
<Translation>-0.052966996785868081 0.061232680451772881 0.071082247470586002</Translation>
</Transform>
</Instance>
</Instance>
</InstanceTree>
<Constraints>
<Coincident name="Coincident1">
<ConstraintGeometry geomType="plane">
<InstancePath>
<Uid>floor-1</Uid>
</InstancePath>
<Position>0 0 0.0030000000000000027</Position>
<Axis>0 0 1</Axis>
</ConstraintGeometry>
<ConstraintGeometry geomType="plane">
<InstancePath>
<Uid>BASE ASSEMBLE-1</Uid>
<Uid>Base Plate 1-1</Uid>
</InstancePath>
<Position>0 0 0</Position>
<Axis>0 -1 0</Axis>
</ConstraintGeometry>
</Coincident>
<Tangent name="Tangent1">
<ConstraintGeometry geomType="plane">
<InstancePath>
<Uid>floor-1</Uid>
</InstancePath>
<Position>-0.0090555005015395817 0.094215013983361739 0.013000000000000012</Position>
<Axis>2.9071877627826315e-016 -1 0</Axis>
</ConstraintGeometry>
<ConstraintGeometry geomType="cylinder">
<InstancePath>
<Uid>BASE ASSEMBLE-1</Uid>
<Uid>Base Plate 1-1</Uid>
</InstancePath>
<Position>0 0.014000000000000012 0</Position>
<Axis>0 -1 0</Axis>
</ConstraintGeometry>
</Tangent>
<Tangent name="Tangent2">
<ConstraintGeometry geomType="plane">
<InstancePath>
<Uid>floor-1</Uid>
</InstancePath>
<Position>-0.0090555005015395817 0.094215013983361739 0.013000000000000012</Position>
<Axis>-1 3.2682830967176591e-016 0</Axis>
</ConstraintGeometry>
<ConstraintGeometry geomType="cylinder">
<InstancePath>
<Uid>BASE ASSEMBLE-1</Uid>
<Uid>Base Plate 1-1</Uid>
</InstancePath>
<Position>0 0.014000000000000012 0</Position>
<Axis>0 -1 0</Axis>
</ConstraintGeometry>
</Tangent>
</Constraints>
</RootAssembly>
<Assemblies>
<Assembly name="BASE ASSEMBLE" uid="BASE ASSEMBLE" version="543">
<ModelUnits mass="kilogram" length="millimeter"/>
<AssemblyFile name="BASE ASSEMBLE.SLDASM" type="SolidWorks Assembly"/>
<Constraints>
<Concentric name="Concentric1">
<ConstraintGeometry geomType="cylinder">
<InstancePath>
<Uid>Base Plate 1-1</Uid>
</InstancePath>
<Position>0 -0.002 0</Position>
<Axis>0 1 0</Axis>
</ConstraintGeometry>
<ConstraintGeometry geomType="cylinder">
<InstancePath>
<Uid>Base Plate 2-1</Uid>
</InstancePath>
<Position>0 0 0</Position>
<Axis>0 1 0</Axis>
</ConstraintGeometry>
</Concentric>
<Coincident name="Coincident1">
<ConstraintGeometry geomType="plane">
<InstancePath>
<Uid>Base Plate 1-1</Uid>
</InstancePath>
<Position>0 0.014 0</Position>
<Axis>0 1 0</Axis>
</ConstraintGeometry>
<ConstraintGeometry geomType="plane">
<InstancePath>
<Uid>Base Spacer-1</Uid>
</InstancePath>
<Position>0 0 0</Position>
<Axis>0 -1 0</Axis>
</ConstraintGeometry>
</Coincident>
<Coincident name="Coincident2">
<ConstraintGeometry geomType="plane">
<InstancePath>
<Uid>Base Plate 1-1</Uid>
</InstancePath>
<Position>0 0.014 0</Position>
<Axis>0 1 0</Axis>
</ConstraintGeometry>
<ConstraintGeometry geomType="plane">
<InstancePath>
<Uid>Base Spacer-2</Uid>
</InstancePath>
<Position>0 0 0</Position>
<Axis>0 -1 0</Axis>
</ConstraintGeometry>
</Coincident>
<Coincident name="Coincident3">
<ConstraintGeometry geomType="plane">
<InstancePath>
<Uid>Base Plate 1-1</Uid>
</InstancePath>
<Position>0 0.014 0</Position>
<Axis>0 1 0</Axis>
</ConstraintGeometry>
<ConstraintGeometry geomType="plane">
<InstancePath>
<Uid>Base Spacer-3</Uid>
</InstancePath>
<Position>0 0 0</Position>
<Axis>0 -1 0</Axis>
</ConstraintGeometry>
</Coincident>
<Concentric name="Concentric4">
<ConstraintGeometry geomType="cylinder">
<InstancePath>
<Uid>Base Plate 1-1</Uid>
</InstancePath>
<Position>0.054126587736527267 0 0.031250000000000278</Position>
<Axis>0 1 0</Axis>
</ConstraintGeometry>
<ConstraintGeometry geomType="cylinder">
<InstancePath>
<Uid>Base Spacer-3</Uid>
</InstancePath>
<Position>0 0.070000000000000007 0</Position>
<Axis>0 -1 0</Axis>
</ConstraintGeometry>
</Concentric>
<Concentric name="Concentric5">
<ConstraintGeometry geomType="cylinder">
<InstancePath>
<Uid>Base Plate 1-1</Uid>
</InstancePath>
<Position>-0.05412658773652726 0 0.031250000000000264</Position>
<Axis>0 1 0</Axis>
</ConstraintGeometry>
<ConstraintGeometry geomType="cylinder">
<InstancePath>
<Uid>Base Spacer-1</Uid>
</InstancePath>
<Position>0 0.070000000000000007 0</Position>
<Axis>0 -1 0</Axis>
</ConstraintGeometry>
</Concentric>
<Concentric name="Concentric6">
<ConstraintGeometry geomType="cylinder">
<InstancePath>
<Uid>Base Plate 1-1</Uid>
</InstancePath>
<Position>0 0 -0.0625</Position>
<Axis>0 1 0</Axis>
</ConstraintGeometry>
<ConstraintGeometry geomType="cylinder">
<InstancePath>
<Uid>Base Spacer-2</Uid>
</InstancePath>
<Position>0 0.070000000000000007 0</Position>
<Axis>0 -1 0</Axis>
</ConstraintGeometry>
</Concentric>
<Coincident name="Coincident4">
<ConstraintGeometry geomType="plane">
<InstancePath>
<Uid>Base Plate 2-1</Uid>
</InstancePath>
<Position>0 0 0</Position>
<Axis>0 -1 0</Axis>
</ConstraintGeometry>
<ConstraintGeometry geomType="plane">
<InstancePath>
<Uid>Base Spacer-3</Uid>
</InstancePath>
<Position>0 0.070000000000000007 0</Position>
<Axis>0 1 0</Axis>
</ConstraintGeometry>
</Coincident>
<Concentric name="Concentric7">
<ConstraintGeometry geomType="cylinder">
<InstancePath>
<Uid>Base Plate 2-1</Uid>
</InstancePath>
<Position>0.054126587736527267 0 0.031250000000000271</Position>
<Axis>0 1 0</Axis>
</ConstraintGeometry>
<ConstraintGeometry geomType="cylinder">
<InstancePath>
<Uid>Base Spacer-3</Uid>
</InstancePath>
<Position>0 0.070000000000000007 0</Position>
<Axis>0 -1 0</Axis>
</ConstraintGeometry>
</Concentric>
<Concentric name="Concentric8">
<ConstraintGeometry geomType="cylinder">
<InstancePath>
<Uid>Base Plate 2-1</Uid>
</InstancePath>
<Position>-0.05412658773652726 0 0.031250000000000257</Position>
<Axis>0 1 0</Axis>
</ConstraintGeometry>
<ConstraintGeometry geomType="cylinder">
<InstancePath>
<Uid>Base Spacer-1</Uid>
</InstancePath>
<Position>0 0.070000000000000007 0</Position>
<Axis>0 -1 0</Axis>
</ConstraintGeometry>
</Concentric>
<Concentric name="Concentric9">
<ConstraintGeometry geomType="cylinder">
<InstancePath>
<Uid>Base Spacer-3</Uid>
</InstancePath>
<Position>0 0.070000000000000007 0</Position>
<Axis>0 -1 0</Axis>
</ConstraintGeometry>
<ConstraintGeometry geomType="cylinder">
<InstancePath>
<Uid>Base Bolt-1</Uid>
</InstancePath>
<Position>0 0.087999999999999995 0</Position>
<Axis>0 -1 0</Axis>
</ConstraintGeometry>
</Concentric>
<Concentric name="Concentric10">
<ConstraintGeometry geomType="cylinder">
<InstancePath>
<Uid>Base Spacer-1</Uid>
</InstancePath>
<Position>0 0.070000000000000007 0</Position>
<Axis>0 -1 0</Axis>
</ConstraintGeometry>
<ConstraintGeometry geomType="cylinder">
<InstancePath>
<Uid>Base Bolt-2</Uid>
</InstancePath>
<Position>0 0.087999999999999995 0</Position>
<Axis>0 -1 0</Axis>
</ConstraintGeometry>
</Concentric>
<Concentric name="Concentric11">
<ConstraintGeometry geomType="cylinder">
<InstancePath>
<Uid>Base Spacer-2</Uid>
</InstancePath>
<Position>0 0.070000000000000007 0</Position>
<Axis>0 -1 0</Axis>
</ConstraintGeometry>
<ConstraintGeometry geomType="cylinder">
<InstancePath>
<Uid>Base Bolt-3</Uid>
</InstancePath>
<Position>0 0.087999999999999995 0</Position>
<Axis>0 -1 0</Axis>
</ConstraintGeometry>
</Concentric>
<Coincident name="Coincident5">
<ConstraintGeometry geomType="plane">
<InstancePath>
<Uid>Base Plate 2-1</Uid>
</InstancePath>
<Position>0 0.0040000000000000036 -0.0625</Position>
<Axis>0 1 0</Axis>
</ConstraintGeometry>
<ConstraintGeometry geomType="plane">
<InstancePath>
<Uid>Base Bolt-3</Uid>
</InstancePath>
<Position>0 0.087999999999999995 0</Position>
<Axis>0 -1 0</Axis>
</ConstraintGeometry>
</Coincident>
<Coincident name="Coincident6">
<ConstraintGeometry geomType="plane">
<InstancePath>
<Uid>Base Plate 2-1</Uid>
</InstancePath>
<Position>-0.05412658773652726 0.0040000000000000036 0.031250000000000257</Position>
<Axis>0 1 0</Axis>
</ConstraintGeometry>
<ConstraintGeometry geomType="plane">
<InstancePath>
<Uid>Base Bolt-2</Uid>
</InstancePath>
<Position>0 0.087999999999999995 0</Position>
<Axis>0 -1 0</Axis>
</ConstraintGeometry>
</Coincident>
<Coincident name="Coincident7">
<ConstraintGeometry geomType="plane">
<InstancePath>
<Uid>Base Plate 2-1</Uid>
</InstancePath>
<Position>0.054126587736527267 0.0040000000000000036 0.031250000000000271</Position>
<Axis>0 1 0</Axis>
</ConstraintGeometry>
<ConstraintGeometry geomType="plane">
<InstancePath>
<Uid>Base Bolt-1</Uid>
</InstancePath>
<Position>0 0.087999999999999995 0</Position>
<Axis>0 -1 0</Axis>
</ConstraintGeometry>
</Coincident>
<Coincident name="Coincident26">
<ConstraintGeometry geomType="plane">
<InstancePath>
<Uid>Arm 1-1</Uid>
</InstancePath>
<Position>0.039576564013118626 0.041000000000000016 -0.026311393382005468</Position>
<Axis>0 1.6653345369377348e-016 -1</Axis>
</ConstraintGeometry>
<ConstraintGeometry geomType="plane">
<InstancePath>
<Uid>Arm 2-1</Uid>
</InstancePath>
<Position>0.039576564013118654 0.041000000000000009 -0.02631139338200545</Position>
<Axis>0 0 -1</Axis>
</ConstraintGeometry>
</Coincident>
<Coincident name="Coincident27">
<ConstraintGeometry geomType="plane">
<InstancePath>
<Uid>Arm 1-1</Uid>
</InstancePath>
<Position>0.079166593722130391 0 -0.022702702629674915</Position>
<Axis>0 -1 1.1102230246251565e-016</Axis>
</ConstraintGeometry>
<ConstraintGeometry geomType="plane">
<InstancePath>
<Uid>Arm 2-1</Uid>
</InstancePath>
<Position>0.041500781915922158 0.041000000000000002 -0.022826725419579148</Position>
<Axis>0 1 0</Axis>
</ConstraintGeometry>
</Coincident>
<Coincident name="Coincident29">
<ConstraintGeometry geomType="plane">
<InstancePath>
<Uid>Arm 1-1</Uid>
</InstancePath>
<Position>0.15804952756645718 0.041000000000000009 -0.0066152383217612971</Position>
<Axis>1 0 0</Axis>
</ConstraintGeometry>
<ConstraintGeometry geomType="plane">
<InstancePath>
<Uid>Arm 2-1</Uid>
</InstancePath>
<Position>0.15804952756645721 0.040999999999999988 -0.0066152383217612798</Position>
<Axis>1.0000000000000002 0 0</Axis>
</ConstraintGeometry>
</Coincident>
<Concentric name="Concentric24">
<ConstraintGeometry geomType="cylinder">
<InstancePath>
<Uid>Upper Arm Spacer-1</Uid>
</InstancePath>
<Position>0 0.059999999999999984 0</Position>
<Axis>0 -0.99999999999999978 0</Axis>
</ConstraintGeometry>
<ConstraintGeometry geomType="cylinder">
<InstancePath>
<Uid>Front Arm 2-1</Uid>
</InstancePath>
<Position>0.12 0.0030000000000000027 0</Position>
<Axis>0 -1 0</Axis>
</ConstraintGeometry>
</Concentric>
<Coincident name="Coincident30">
<ConstraintGeometry geomType="plane">
<InstancePath>
<Uid>Upper Arm Spacer-1</Uid>
</InstancePath>
<Position>0 0.059999999999999984 0</Position>
<Axis>0 0.99999999999999978 0</Axis>
</ConstraintGeometry>
<ConstraintGeometry geomType="plane">
<InstancePath>
<Uid>Front Arm 2-1</Uid>
</InstancePath>
<Position>-0.082741759392350553 0 0</Position>
<Axis>0 -1 0</Axis>
</ConstraintGeometry>
</Coincident>
<Coincident name="Coincident31">
<ConstraintGeometry geomType="plane">
<InstancePath>
<Uid>Front Arm 1-1</Uid>
</InstancePath>
<Position>-0.082741759392350483 0.0029999999999999888 0</Position>
<Axis>0 1 0</Axis>
</ConstraintGeometry>
<ConstraintGeometry geomType="plane">
<InstancePath>
<Uid>Upper Arm Spacer-1</Uid>
</InstancePath>
<Position>0 0 0</Position>
<Axis>0 -0.99999999999999978 0</Axis>
</ConstraintGeometry>
</Coincident>
<Concentric name="Concentric25">
<ConstraintGeometry geomType="cylinder">
<InstancePath>
<Uid>Front Arm 1-1</Uid>
</InstancePath>
<Position>0.11999999999999997 0.0030000000000000165 0</Position>
<Axis>0 -1 0</Axis>
</ConstraintGeometry>
<ConstraintGeometry geomType="cylinder">
<InstancePath>
<Uid>Upper Arm Spacer-1</Uid>
</InstancePath>
<Position>0 0.059999999999999984 0</Position>
<Axis>0 -0.99999999999999978 0</Axis>
</ConstraintGeometry>
</Concentric>
<Coincident name="Coincident32">
<ConstraintGeometry geomType="plane">
<InstancePath>
<Uid>Upper Arm Spacer-2</Uid>
</InstancePath>
<Position>0 0.059999999999999998 0</Position>
<Axis>1.1102230246251565e-016 0.99999999999999978 0</Axis>
</ConstraintGeometry>
<ConstraintGeometry geomType="plane">
<InstancePath>
<Uid>Front Arm 2-1</Uid>
</InstancePath>
<Position>-0.082741759392350553 0 0</Position>
<Axis>0 -1 0</Axis>
</ConstraintGeometry>
</Coincident>
<Concentric name="Concentric26">
<ConstraintGeometry geomType="cylinder">
<InstancePath>
<Uid>Upper Arm Spacer-2</Uid>
</InstancePath>
<Position>0 0.059999999999999998 0</Position>
<Axis>-1.1102230246251565e-016 -0.99999999999999978 0</Axis>
</ConstraintGeometry>
<ConstraintGeometry geomType="cylinder">
<InstancePath>
<Uid>Front Arm 2-1</Uid>
</InstancePath>
<Position>0.05999999999999997 0.0030000000000000165 0</Position>
<Axis>0 -1 0</Axis>
</ConstraintGeometry>
</Concentric>
<Concentric name="Concentric27">
<ConstraintGeometry geomType="cylinder">
<InstancePath>
<Uid>Front Arm 1-1</Uid>
</InstancePath>
<Position>0.060000000000000026 0.0030000000000000027 0</Position>
<Axis>0 -1 0</Axis>
</ConstraintGeometry>
<ConstraintGeometry geomType="cylinder">
<InstancePath>
<Uid>Upper Arm Spacer-2</Uid>
</InstancePath>
<Position>0 0.059999999999999998 0</Position>
<Axis>-1.1102230246251565e-016 -0.99999999999999978 0</Axis>
</ConstraintGeometry>
</Concentric>
<Coincident name="Coincident33">
<ConstraintGeometry geomType="plane">
<InstancePath>
<Uid>Base Plate 1-1</Uid>
</InstancePath>
<Position>0 0.014 0</Position>
<Axis>0 1 0</Axis>
</ConstraintGeometry>
<ConstraintGeometry geomType="plane">
<InstancePath>
<Uid>Mounting 1-2</Uid>
</InstancePath>
<Position>0 0 -0.035000000000000003</Position>
<Axis>0 -1 0</Axis>
</ConstraintGeometry>
</Coincident>
<Concentric name="Concentric28">
<ConstraintGeometry geomType="cylinder">
<InstancePath>
<Uid>Base Plate 1-1</Uid>
</InstancePath>
<Position>0.010798365755355047 0 0.04725066158399352</Position>
<Axis>0 1 0</Axis>
</ConstraintGeometry>
<ConstraintGeometry geomType="cylinder">
<InstancePath>
<Uid>Mounting 1-2</Uid>
</InstancePath>
<Position>0.043999999999999997 -0.089999999999999997 -0.009999999999999995</Position>
<Axis>0 1 0</Axis>
</ConstraintGeometry>
</Concentric>
<Concentric name="Concentric29">
<ConstraintGeometry geomType="cylinder">
<InstancePath>
<Uid>Base Plate 1-1</Uid>
</InstancePath>
<Position>-0.015201634244644949 0 0.04725066158399352</Position>
<Axis>0 1 0</Axis>
</ConstraintGeometry>
<ConstraintGeometry geomType="cylinder">
<InstancePath>
<Uid>Mounting 1-2</Uid>
</InstancePath>
<Position>0.018000000000000002 -0.089999999999999997 -0.009999999999999995</Position>
<Axis>0 1 0</Axis>
</ConstraintGeometry>
</Concentric>
<Distance name="Distance3">
<ConstraintGeometry geomType="plane">
<InstancePath>
<Uid>Front Arm 2-1</Uid>
</InstancePath>
<Position>-0.082741759392350539 0.0030000000000000131 0</Position>
<Axis>0 1 0</Axis>
</ConstraintGeometry>
<ConstraintGeometry geomType="plane">
<InstancePath>
<Uid>Arm 1-1</Uid>
</InstancePath>
<Position>0.0850495275664572 0.041000000000000023 -0.0066152383217613041</Position>
<Axis>0 1.6653345369377348e-016 -1</Axis>
</ConstraintGeometry>
</Distance>
<Concentric name="Concentric30">
<ConstraintGeometry geomType="cylinder">
<InstancePath>
<Uid>Arm 1-1</Uid>
</InstancePath>
<Position>0.13499166435056492 0.021000000000000005 -0.013615238321761276</Position>
<Axis>0 -1.6653345369377348e-016 1</Axis>
</ConstraintGeometry>
<ConstraintGeometry geomType="cylinder">
<InstancePath>
<Uid>Front Arm 2-1</Uid>
</InstancePath>
<Position>0 0.0030000000000000165 0</Position>
<Axis>0 -1 0</Axis>
</ConstraintGeometry>
</Concentric>
<Concentric name="Concentric40">
<ConstraintGeometry geomType="cylinder">
<InstancePath>
<Uid>Mounting 1-2</Uid>
</InstancePath>
<Position>0.0060000000000000053 -1.0000000000010001e-006 -0.026999999999999996</Position>
<Axis>0 1 0</Axis>
</ConstraintGeometry>
<ConstraintGeometry geomType="cylinder">
<InstancePath>
<Uid>Servo Motor 16-3</Uid>
</InstancePath>
<Position>-0.0040000000000000036 -0.0090000000000000011 -0.014999999999999999</Position>
<Axis>0 1 0</Axis>
</ConstraintGeometry>
</Concentric>
<Concentric name="Concentric41">
<ConstraintGeometry geomType="cylinder">
<InstancePath>
<Uid>Mounting 1-2</Uid>
</InstancePath>
<Position>0.0060000000000000053 -1.0000000000010001e-006 -0.017000000000000001</Position>
<Axis>0 1 0</Axis>
</ConstraintGeometry>
<ConstraintGeometry geomType="cylinder">
<InstancePath>
<Uid>Servo Motor 16-3</Uid>
</InstancePath>
<Position>-0.0040000000000000036 -0.0090000000000000011 -0.0050000000000000044</Position>
<Axis>0 1 0</Axis>
</ConstraintGeometry>
</Concentric>
<Coincident name="Coincident39">
<ConstraintGeometry geomType="plane">
<InstancePath>
<Uid>Mounting 1-2</Uid>
</InstancePath>
<Position>0 0.039999999999999994 -0.012000000000000011</Position>
<Axis>0 1 0</Axis>
</ConstraintGeometry>
<ConstraintGeometry geomType="plane">
<InstancePath>
<Uid>Servo Motor 16-3</Uid>
</InstancePath>
<Position>-0.0065000000000000058 0.029999999999999999 -0.075081757415681641</Position>
<Axis>0 -1 0</Axis>
</ConstraintGeometry>
</Coincident>
<Coincident name="Coincident41">
<ConstraintGeometry geomType="plane">
<InstancePath>
<Uid>Front Arm 1-1</Uid>
</InstancePath>
<Position>-0.082741759392350497 0 0</Position>
<Axis>0 -1 0</Axis>
</ConstraintGeometry>
<ConstraintGeometry geomType="plane">
<InstancePath>
<Uid>Servo Motor 6-1</Uid>
</InstancePath>
<Position>-0.00500000000000006 0.016000000000000014 -0.012000000000000011</Position>
<Axis>-3.8857805861880479e-016 -1 0</Axis>
</ConstraintGeometry>
</Coincident>
<Coincident name="Coincident42">
<ConstraintGeometry geomType="plane">
<InstancePath>
<Uid>Front Arm 1-1</Uid>
</InstancePath>
<Position>0.16200000000000001 -0.0070000000000000062 -0.0059999999999999776</Position>
<Axis>0 0 1</Axis>
</ConstraintGeometry>
<ConstraintGeometry geomType="plane">
<InstancePath>
<Uid>Servo Motor 6-1</Uid>
</InstancePath>
<Position>0 0.022000000000000006 0</Position>
<Axis>0 0 0.99999999999999989</Axis>
</ConstraintGeometry>
</Coincident>
<Coincident name="Coincident43">
<ConstraintGeometry geomType="plane">
<InstancePath>
<Uid>Front Arm 1-1</Uid>
</InstancePath>
<Position>0.16200000000000001 -0.0070000000000000062 -0.0059999999999999776</Position>
