<?xml version="1.0" encoding="UTF-8" standalone="no" ?>
<SimscapeMultibodyImportXML version="2.0" xmlns="urn:mathworks:SimscapeMultibody:import" xmlns:xsi="http://www.w3.org/2001/XMLSchema-instance">
<Created by="" on="07/08/18||11:08:26" using="Simscape Multibody Link Version 5.0" from="SolidWorks 22.4.0"/>
<ModelUnits mass="kilogram" length="millimeter"/>
<DataUnits mass="kilogram" length="meter"/>
<RootAssembly name="test model" uid="test model" version="185">
<AssemblyFile name="test model.SLDASM" type="SolidWorks Assembly"/>
<InstanceTree>
<Instance name="floor-1" uid="floor-1" grounded="true" entityUid="floor*:*Default">
<Transform>
<Rotation>1 0 0 0 1 0 0 0 1</Rotation>
<Translation>0.38586293667024429 0.54719961584430665 0.74372316425422569</Translation>
</Transform>
</Instance>
<Instance name="box-2" uid="box-2" entityUid="box*:*Default">
<Transform>
<Rotation>1 0 0 0 1 0 0 0 1</Rotation>
<Translation>0.64008250843103576 0.63012674734197816 0.74676856798281843</Translation>
</Transform>
</Instance>
<Instance name="model-2" uid="model-2" entityUid="model">
<Transform>
<Rotation>0.071529985998300821 0.9974384497817812 -1.1957719584420364e-016 -0.9974384497817812 0.071529985998300821 6.0053412883826453e-016 6.0754918565393426e-016 0 0.99999999999999989</Rotation>
<Translation>0.27331387923959977 0.6003355730657769 0.76172316425422559</Translation>
</Transform>
<Instance name="ISO 7045 - M3 x 25 - Z --- 25S-4" uid="ISO 7045 - M3 x 25 - Z --- 25S-4" entityUid="ISO 7045 - M3 x 25 - Z --- 25S*:*ISO 7045 - M3 x 25 - Z --- 25S">
<Transform>
<Rotation>-0.73537736555624356 0.67765782680314313 -3.1376862896739438e-012 -0.67765782680314313 -0.73537736555624356 3.4071817311157508e-012 1.5198897889017884e-015 4.6318419976497235e-012 0.99999999999999978</Rotation>
<Translation>-0.18008724367892559 0.21298666836739272 0.13085079836870228</Translation>
</Transform>
</Instance>
<Instance name="Spring Pin ISO 13337 - 6 x 65 - St-3" uid="Spring Pin ISO 13337 - 6 x 65 - St-3" entityUid="Spring Pin ISO 13337 - 6 x 65 - St*:*Spring Pin ISO 13337 - 6 x 65 - St">
<Transform>
<Rotation>-0.73537736555624278 0.67765782680314401 -3.1379587851413157e-012 -0.67765782680314401 -0.73537736555624278 3.4074757833415687e-012 1.5187695822992527e-015 4.6322428956871159e-012 0.99999999999999989</Rotation>
<Translation>0.046423622261324349 -0.0024184492177113381 0.054254468489194019</Translation>
</Transform>
</Instance>
<Instance name="Part9-m-2" uid="Part9-m-2" entityUid="Part9-m*:*Default">
<Transform>
<Rotation>0.67720409437149731 0.024794047552637137 -0.73537736555624111 -0.73488498644239397 -0.02690588177332362 -0.67765782680314579 -0.036587856838608337 0.99933044021082307 1.6121856415527917e-015</Rotation>
<Translation>-0.077645504517023678 0.093850825653535197 -0.04809791730953128</Translation>
</Transform>
</Instance>
<Instance name="Part15 t310 connector-2" uid="Part15 t310 connector-2" entityUid="Part15 t310 connector*:*Default">
<Transform>
<Rotation>0.65330135114638166 -0.18004853461739767 -0.73537736555624278 -0.70894632588655981 0.19538417741564351 -0.67765782680314424 0.26569240034720587 0.96405785531665067 1.1102230246251565e-015</Rotation>
<Translation>0.0035791268311485824 0.030794289258651131 0.083580000000196386</Translation>
</Transform>
</Instance>
<Instance name="Spring Pin ISO 8752 - 5 x 24 - St-2" uid="Spring Pin ISO 8752 - 5 x 24 - St-2" entityUid="Spring Pin ISO 8752 - 5 x 24 - St*:*Spring Pin ISO 8752 - 5 x 24 - St">
<Transform>
<Rotation>-0.735377365556243 0.67765782680314379 -3.1378015585721231e-012 -0.67765782680314379 -0.735377365556243 3.4073071934302048e-012 1.5201441695908864e-015 4.6320123726670416e-012 0.99999999999999978</Rotation>
<Translation>-0.037062897568166164 0.054238606147312463 0.10581937630331129</Translation>
</Transform>
</Instance>
<Instance name="Part4-m-1" uid="Part4-m-1" entityUid="Part4-m*:*Default">
<Transform>
<Rotation>-0.3471976846098328 -0.58195695547792425 0.73537736555624011 0.37677026448596168 0.63152516780538093 0.67765782680314668 -0.85877699992532941 0.51234955294139817 -1.8318679906315083e-015</Rotation>
<Translation>0.068252650838826479 -0.075541744733473443 0.073427178145693772</Translation>
</Transform>
</Instance>
<Instance name="Part15 t310 connector-1" uid="Part15 t310 connector-1" entityUid="Part15 t310 connector*:*Default">
<Transform>
<Rotation>0.67763353282575645 0.005738067413863404 -0.73537736555624178 -0.73535100233813311 -0.0062268075882714654 -0.67765782680314535 -0.008467499653817304 0.99996415008219808 1.6115581091824538e-015</Rotation>
<Translation>-0.028042099887568894 0.0016550027063169104 0.083579999999798371</Translation>
</Transform>
</Instance>
<Instance name="ISO 7045 - M1.6 x 8 - Z --- 8S-1" uid="ISO 7045 - M1.6 x 8 - Z --- 8S-1" entityUid="ISO 7045 - M1.6 x 8 - Z --- 8S*:*ISO 7045 - M1.6 x 8 - Z --- 8S">
<Transform>
<Rotation>-0.73537736555624311 0.67765782680314357 -3.1735546977560147e-012 -0.67765782680314357 -0.73537736555624311 3.4461036154021455e-012 1.5187938674165275e-015 4.6847707778505238e-012 0.99999999999999978</Rotation>
<Translation>-0.023359014394956024 0.0058697624486876432 0.092329686313220805</Translation>
</Transform>
</Instance>
<Instance name="ISO 7045 - M1.6 x 8 - Z --- 8S-3" uid="ISO 7045 - M1.6 x 8 - Z --- 8S-3" entityUid="ISO 7045 - M1.6 x 8 - Z --- 8S*:*ISO 7045 - M1.6 x 8 - Z --- 8S">
<Transform>
<Rotation>-0.73537736555624311 0.67765782680314379 -3.173600413712776e-012 -0.67765782680314379 -0.73537736555624311 3.4461552178195266e-012 1.520144169590888e-015 4.6848397048761803e-012 0.99999999999999956</Rotation>
<Translation>-0.023459430574704898 0.0059787315814853192 0.074830313686782168</Translation>
</Transform>
</Instance>
<Instance name="Part5^Assem1-m-1" uid="Part5^Assem1-m-1" entityUid="Part5^Assem1-m*:*Default">
<Transform>
<Rotation>0.6642309426968811 0.13422885305170401 -0.73537736555624045 -0.72080684593533684 -0.14566180221728761 -0.67765782680314657 -0.19807762523001973 0.98018633656220455 9.5756735873920146e-016</Rotation>
<Translation>-0.014618785248315724 0.0025829020359432464 0.02313574115741579</Translation>
</Transform>
</Instance>
<Instance name="ISO 7045 - M4 x 10 - Z --- 10S-4" uid="ISO 7045 - M4 x 10 - Z --- 10S-4" entityUid="ISO 7045 - M4 x 10 - Z --- 10S*:*ISO 7045 - M4 x 10 - Z --- 10S">
<Transform>
<Rotation>0.73537736555624256 -0.65399416390306431 0.17751553117485827 0.67765782680314413 0.70969814900389472 -0.19263542528020453 -1.5181783649622026e-015 0.26195452063512353 0.96508021900711571</Rotation>
<Translation>-0.14497572390848734 0.11438201234992601 0.18235540037810549</Translation>
</Transform>
</Instance>
<Instance name="ISO 7045 - M1.6 x 8 - Z --- 8S-10" uid="ISO 7045 - M1.6 x 8 - Z --- 8S-10" entityUid="ISO 7045 - M1.6 x 8 - Z --- 8S*:*ISO 7045 - M1.6 x 8 - Z --- 8S">
<Transform>
<Rotation>0.73537736555624311 0.5616543032383523 0.37916299118110236 0.67765782680314379 -0.60949323616198492 -0.41145821761781765 -1.5198681165966286e-015 0.5595198287162233 -0.828816964880285</Rotation>
<Translation>-0.0030981205154905211 0.015462505242754054 0.083522844377307615</Translation>
</Transform>
</Instance>
<Instance name="ISO 7045 - M4 x 40 - Z --- 40S-6" uid="ISO 7045 - M4 x 40 - Z --- 40S-6" entityUid="ISO 7045 - M4 x 40 - Z --- 40S*:*ISO 7045 - M4 x 40 - Z --- 40S">
<Transform>
<Rotation>0.73537736555624278 0.3329169447389137 0.59024269426505138 0.6776578268031439 -0.36127316189362502 -0.64051664480154047 -1.5187242005210071e-015 0.87100402433116797 -0.49127587931722261</Rotation>
<Translation>-0.1218162480357079 0.089249926979818262 0.15794194174873954</Translation>
</Transform>
</Instance>
<Instance name="Part2-m-2" uid="Part2-m-2" entityUid="Part2-m*:*Default">
<Transform>
<Rotation>0.39382211294026581 -0.55147463548818421 -0.73537736555624234 -0.42736593079435287 0.59844651471014132 -0.67765782680314479 0.8137951244358379 0.58115186951816555 1.497693892138323e-015</Rotation>
<Translation>0.03300083634836426 -0.021792809754146047 0.066572212769281713</Translation>
</Transform>
</Instance>
<Instance name="Part11-m-1" uid="Part11-m-1" entityUid="Part11-m*:*Default">
<Transform>
<Rotation>-0.67758288264903643 0.010078063731982251 0.73537736555624011 0.73529603803011445 -0.01093646330640608 0.6776578268031469 0.014871906341766092 0.99988940708548435 -1.4970663597679883e-015</Rotation>
<Translation>-0.14211333205323495 0.12101524469920533 -0.046459230809216656</Translation>
</Transform>
</Instance>
<Instance name="ISO 7045 - M1.6 x 8 - Z --- 8S-2" uid="ISO 7045 - M1.6 x 8 - Z --- 8S-2" entityUid="ISO 7045 - M1.6 x 8 - Z --- 8S*:*ISO 7045 - M1.6 x 8 - Z --- 8S">
<Transform>
<Rotation>-0.73537736555624311 0.67765782680314379 -3.1734311852569104e-012 -0.67765782680314379 -0.73537736555624311 3.4459695827198487e-012 1.5187938674165271e-015 4.6845885140379904e-012 0.99999999999999989</Rotation>
<Translation>-0.018835196138259236 0.00096062774929239758 0.083522844377342031</Translation>
</Transform>
</Instance>
<Instance name="ISO 7045 - M4 x 10 - Z --- 10S-2" uid="ISO 7045 - M4 x 10 - Z --- 10S-2" entityUid="ISO 7045 - M4 x 10 - Z --- 10S*:*ISO 7045 - M4 x 10 - Z --- 10S">
<Transform>
<Rotation>0.73537736555624278 -0.6539941639030642 0.17751553117485808 0.67765782680314413 0.70969814900389494 -0.19263542528020439 -1.5181822306001304e-015 0.26195452063512326 0.96508021900711571</Rotation>
<Translation>-0.10276125720427298 0.059717900392357859 0.18170676301990651</Translation>
</Transform>
</Instance>
<Instance name="Part10-m-2" uid="Part10-m-2" entityUid="Part10-m*:*Default">
<Transform>
<Rotation>0.6713304407500772 0.092388146154515058 -0.73537736555624211 -0.72851104408466305 -0.10025731105068043 -0.67765782680314479 -0.1363345076236421 0.99066285992310166 1.345038226252364e-015</Rotation>
<Translation>-0.1154177598334053 0.092045875801211097 -0.054029655660214115</Translation>
</Transform>
</Instance>
<Instance name="ISO 7045 - M4 x 10 - Z --- 10S-3" uid="ISO 7045 - M4 x 10 - Z --- 10S-3" entityUid="ISO 7045 - M4 x 10 - Z --- 10S*:*ISO 7045 - M4 x 10 - Z --- 10S">
<Transform>
<Rotation>0.73537736555624222 -0.65399416390306464 0.17751553117485855 0.67765782680314457 0.7096981490038945 -0.19263542528020444 -1.6353266947501728e-015 0.26195452063512364 0.96508021900711571</Rotation>
<Translation>-0.020030282554503009 -0.038175879571482108 0.10749999999998805</Translation>
</Transform>
</Instance>
<Instance name="ISO 7045 - M4 x 30 - Z --- 30N-3" uid="ISO 7045 - M4 x 30 - Z --- 30N-3" entityUid="ISO 7045 - M4 x 30 - Z --- 30N*:*ISO 7045 - M4 x 30 - Z --- 30N">
<Transform>
<Rotation>-0.73537736555624311 -0.56165430323833254 0.37916299118113145 -0.67765782680314368 0.60949323616196349 -0.41145821761784929 1.5187695822992522e-015 -0.55951982871626638 -0.82881696488025602</Rotation>
<Translation>0.052380178922323162 0.0030705791793995685 0.054254468489191132</Translation>
</Transform>
</Instance>
<Instance name="Part5^Assem1-m-2" uid="Part5^Assem1-m-2" entityUid="Part5^Assem1-m*:*Default">
<Transform>
<Rotation>0.66423094269688188 0.13422885305169199 -0.73537736555624189 -0.72080684593534095 -0.14566180221727437 -0.67765782680314479 -0.19807762523000191 0.98018633656220833 1.5681900222830336e-015</Rotation>
<Translation>0.0029199649202258371 0.018745041205189494 0.023135741157420231</Translation>
</Transform>
</Instance>
<Instance name="Spring Pin ISO 13337 - 6 x 65 - St-4" uid="Spring Pin ISO 13337 - 6 x 65 - St-4" entityUid="Spring Pin ISO 13337 - 6 x 65 - St*:*Spring Pin ISO 13337 - 6 x 65 - St">
<Transform>
<Rotation>-0.73537736555624222 0.67765782680314457 -3.1380982699304802e-012 -0.67765782680314457 -0.73537736555624222 3.4077991487046925e-012 1.6353266947501736e-015 4.6325752142150597e-012 0.99999999999999978</Rotation>
<Translation>0.0093896382256948296 0.037769906231057804 0.054254468489187802</Translation>
</Transform>
</Instance>
<Instance name="ISO 7045 - M4 x 30 - Z --- 30N-8" uid="ISO 7045 - M4 x 30 - Z --- 30N-8" entityUid="ISO 7045 - M4 x 30 - Z --- 30N*:*ISO 7045 - M4 x 30 - Z --- 30N">
<Transform>
<Rotation>0.73537736555624245 -0.67765782680314446 -3.1384606198244083e-012 0.67765782680314446 0.73537736555624245 3.4081923617686722e-012 -1.6353266947501742e-015 -4.6331099234438113e-012 0.99999999999999978</Rotation>
<Translation>-0.0073324631608416846 -0.051955236357008661 0.054254468489183361</Translation>
</Transform>
</Instance>
<Instance name="ISO 7045 - M3 x 30 - Z --- 25S-6" uid="ISO 7045 - M3 x 30 - Z --- 25S-6" entityUid="ISO 7045 - M3 x 30 - Z --- 25S*:*ISO 7045 - M3 x 30 - Z --- 25S">
<Transform>
<Rotation>-0.73537736555624311 0.67765782680314379 -3.137987298648389e-012 -0.67765782680314379 -0.73537736555624311 3.4075035753147489e-012 1.5166348427316889e-015 4.6322826556763723e-012 0.99999999999999978</Rotation>
<Translation>0.038802460400559013 -0.0092737822258238678 0.075128436845080193</Translation>
</Transform>
</Instance>
<Instance name="Parallel Pin ISO 8734 - 8 x 45 - A - St-1" uid="Parallel Pin ISO 8734 - 8 x 45 - A - St-1" entityUid="Parallel Pin ISO 8734 - 8 x 45 - A - St*:*Parallel Pin ISO 8734 - 8 x 45 - A - St">
<Transform>
<Rotation>-0.73537736555624267 0.65934160101378669 0.15648892420914809 -0.67765782680314413 -0.71550105433373057 -0.16981787603123494 1.5196211911062909e-015 -0.23092616659853937 0.97297127685256113</Rotation>
<Translation>0.0028437494655187967 0.030116631431879703 0.083580000000014532</Translation>
</Transform>
</Instance>
<Instance name="Part9-m-1" uid="Part9-m-1" entityUid="Part9-m*:*Default">
<Transform>
<Rotation>0.67720409437149542 0.024794047552689626 -0.73537736555624122 -0.73488498644239197 -0.026905881773381025 -0.67765782680314568 -0.036587856838686136 0.99933044021081996 1.3149203947904237e-015</Rotation>
<Translation>-0.093088429193727729 0.079620011290673809 -0.048097917309527616</Translation>
</Transform>
</Instance>
<Instance name="ISO 7045 - M1.6 x 8 - Z --- 8S-4" uid="ISO 7045 - M1.6 x 8 - Z --- 8S-4" entityUid="ISO 7045 - M1.6 x 8 - Z --- 8S*:*ISO 7045 - M1.6 x 8 - Z --- 8S">
<Transform>
<Rotation>-0.73537736555624267 0.67765782680314401 -3.1734519813972076e-012 -0.67765782680314413 -0.73537736555624267 3.4459941427741705e-012 1.5201441695908884e-015 4.6846206676132766e-012 0.99999999999999978</Rotation>
<Translation>-0.027983248831407237 0.0108878662808648 0.083637155622668824</Translation>
</Transform>
</Instance>
<Instance name="ISO 7045 - M3 x 25 - Z --- 25S-5" uid="ISO 7045 - M3 x 25 - Z --- 25S-5" entityUid="ISO 7045 - M3 x 25 - Z --- 25S*:*ISO 7045 - M3 x 25 - Z --- 25S">
<Transform>
<Rotation>-0.73537736555624333 0.67765782680314346 -3.1375772092653159e-012 -0.67765782680314346 -0.73537736555624333 3.4070633597779467e-012 1.5198897889017884e-015 4.6316810308545143e-012 0.99999999999999967</Rotation>
<Translation>-0.11320172057246825 0.14040416753816198 0.15770442824828157</Translation>
</Transform>
</Instance>
<Instance name="ISO 7045 - M3 x 25 - Z --- 25S-6" uid="ISO 7045 - M3 x 25 - Z --- 25S-6" entityUid="ISO 7045 - M3 x 25 - Z --- 25S*:*ISO 7045 - M3 x 25 - Z --- 25S">
<Transform>
<Rotation>-0.73537736555624333 0.67765782680314346 -3.1375585072473653e-012 -0.67765782680314346 -0.73537736555624333 3.4070430648146971e-012 1.5198897889017881e-015 4.6316534328290649e-012 0.99999999999999967</Rotation>
<Translation>-0.056025070676247735 0.07835749367273015 0.17018432216670132</Translation>
</Transform>
</Instance>
<Instance name="ISO 7045 - M4 x 30 - Z --- 30N-7" uid="ISO 7045 - M4 x 30 - Z --- 30N-7" entityUid="ISO 7045 - M4 x 30 - Z --- 30N*:*ISO 7045 - M4 x 30 - Z --- 30N">
<Transform>
<Rotation>-0.73537736555624311 -0.56165430323833243 0.37916299118113156 -0.67765782680314368 0.60949323616196349 -0.4114582176178494 1.518769582299252e-015 -0.55951982871626649 -0.82881696488025591</Rotation>
<Translation>0.015346194886680542 0.043258934628128021 0.054254468489189356</Translation>
</Transform>
</Instance>
<Instance name="ISO 7045 - M4 x 30 - Z --- 30N-9" uid="ISO 7045 - M4 x 30 - Z --- 30N-9" entityUid="ISO 7045 - M4 x 30 - Z --- 30N*:*ISO 7045 - M4 x 30 - Z --- 30N">
<Transform>
<Rotation>0.73537736555624245 -0.67765782680314446 -3.1381644265658559e-012 0.67765782680314446 0.73537736555624245 3.4078709402347434e-012 -1.6353266947501742e-015 -4.6326728396430536e-012 0.99999999999999978</Rotation>
<Translation>-0.044366447196471648 -0.011766880908262556 0.05425446848918225</Translation>
</Transform>
</Instance>
<Instance name="Spring Pin ISO 8752 - 5 x 24 - St-1" uid="Spring Pin ISO 8752 - 5 x 24 - St-1" entityUid="Spring Pin ISO 8752 - 5 x 24 - St*:*Spring Pin ISO 8752 - 5 x 24 - St">
<Transform>
<Rotation>-0.73537736555624289 0.6776578268031439 -3.1376819181879741e-012 -0.6776578268031439 -0.73537736555624289 3.4071773626704458e-012 1.5201441695908864e-015 4.6318358228222421e-012 0.99999999999999978</Rotation>
<Translation>-0.065312121104444842 0.084893958688767035 0.13004446551908133</Translation>
</Transform>
</Instance>
<Instance name="ISO 7045 - M1.6 x 8 - Z --- 8S-5" uid="ISO 7045 - M1.6 x 8 - Z --- 8S-5" entityUid="ISO 7045 - M1.6 x 8 - Z --- 8S*:*ISO 7045 - M1.6 x 8 - Z --- 8S">
<Transform>
<Rotation>0.73537736555624278 0.56165430323835286 0.37916299118110192 0.67765782680314401 -0.60949323616198503 -0.41145821761781692 -1.5198681165966284e-015 0.55951982871622274 -0.82881696488028567</Rotation>
<Translation>-0.012246173208651068 0.025389743774302642 0.083637155622643289</Translation>
</Transform>
</Instance>
<Instance name="ISO 7045 - M1.6 x 8 - Z --- 8S-9" uid="ISO 7045 - M1.6 x 8 - Z --- 8S-9" entityUid="ISO 7045 - M1.6 x 8 - Z --- 8S*:*ISO 7045 - M1.6 x 8 - Z --- 8S">
<Transform>
<Rotation>0.73537736555624311 0.5616543032383523 0.37916299118110236 0.67765782680314379 -0.60949323616198492 -0.41145821761781765 -1.5198681165966286e-015 0.5595198287162233 -0.828816964880285</Rotation>
<Translation>-0.0077223549519408463 0.020480609074938372 0.074830313686755967</Translation>
</Transform>
</Instance>
<Instance name="ISO 7045 - M1.6 x 8 - Z --- 8S-8" uid="ISO 7045 - M1.6 x 8 - Z --- 8S-8" entityUid="ISO 7045 - M1.6 x 8 - Z --- 8S*:*ISO 7045 - M1.6 x 8 - Z --- 8S">
<Transform>
<Rotation>0.73537736555624311 0.5616543032383523 0.37916299118110236 0.67765782680314379 -0.60949323616198492 -0.41145821761781765 -1.5198681165966286e-015 0.5595198287162233 -0.828816964880285</Rotation>
<Translation>-0.0076219387721933041 0.020371639942136921 0.092329686313193604</Translation>
</Transform>
</Instance>
<Instance name="ISO 7045 - M4 x 35 - Z --- 35S-8" uid="ISO 7045 - M4 x 35 - Z --- 35S-8" entityUid="ISO 7045 - M4 x 35 - Z --- 35S*:*ISO 7045 - M4 x 35 - Z --- 35S">
<Transform>
<Rotation>0.73537736555624311 0.039332460549638355 0.67651540098852936 0.67765782680314379 -0.042682604812943073 -0.73413763356663764 -1.5201441695908874e-015 0.99831415536067247 -0.058041771221308602</Rotation>
<Translation>-0.060668511002514913 0.032485789906961215 0.10581937630330229</Translation>
</Transform>
</Instance>
<Instance name="ISO 7045 - M3 x 25 - Z --- 25S-2" uid="ISO 7045 - M3 x 25 - Z --- 25S-2" entityUid="ISO 7045 - M3 x 25 - Z --- 25S*:*ISO 7045 - M3 x 25 - Z --- 25S">
<Transform>
<Rotation>0 -0.13828726239146832 -0.9903921612473886 0 -0.9903921612473886 0.13828726239146832 -0.99999999999999989 0 0</Rotation>
<Translation>-0.012557368356189924 -0.0072500000027896361 0.027400000000002311</Translation>
</Transform>
</Instance>
<Instance name="Hexagon Nut ISO - 4032 - M3 - D - S-5" uid="Hexagon Nut ISO - 4032 - M3 - D - S-5" entityUid="Hexagon Nut ISO - 4032 - M3 - D - S*:*Hexagon Nut ISO - 4032 - M3 - D - S">
<Transform>
<Rotation>-0.96782379015352971 -0.25162891569304291 0 -0.25162891569304291 0.96782379015352971 0 0 0 -0.99999999999999978</Rotation>
<Translation>-1.400546345564635e-012 0.01449999999726026 0.0026000000000038215</Translation>
</Transform>
</Instance>
<Instance name="servo-3" uid="servo-3" entityUid="servo">
<Transform>
<Rotation>0.67765782680312958 0 0.73537736555625599 -0.73537736555625599 -1.1177263280449253e-016 0.67765782680312958 0 -1 -1.2220126199727286e-016</Rotation>
<Translation>0.0037271180459648168 -0.0040445755131809924 0.048500000000000765</Translation>
</Transform>
<Instance name="Part7-1" uid="Part7-1" entityUid="Part7*:*Default">
<Transform>
<Rotation>-0.073307183868203118 -7.949157691283711e-016 -0.99730940875603558 1.1845469444322338e-016 -0.99999999999999978 7.8835332561782745e-016 -0.99730940875603569 0 0.073307183868203118</Rotation>
<Translation>-0.0055000001008684851 0.026500000218665276 2.5053345509284952e-010</Translation>
</Transform>
</Instance>
<Instance name="Part3 bottom cover-1" uid="Part3 bottom cover-1" entityUid="Part3 bottom cover*:*Default">
<Transform>
<Rotation>1 0 0 0 1 0 0 0 1</Rotation>
<Translation>8.3710816056736803e-014 -0.0049999999998708855 -4.163336342344337e-015</Translation>
</Transform>
</Instance>
<Instance name="Part5 upper cover-1" uid="Part5 upper cover-1" entityUid="Part5 upper cover*:*Default">
<Transform>
<Rotation>1 0 0 0 1 0 0 0 1</Rotation>
<Translation>8.659739592076221e-014 0.016500000000127857 -3.4416913763379853e-015</Translation>
</Transform>
</Instance>
<Instance name="Part4 middle cover-1" uid="Part4 middle cover-1" grounded="true" entityUid="Part4 middle cover*:*Default">
<Transform>
<Rotation>1 0 0 0 1 0 0 0 1</Rotation>
<Translation>0 0 0</Translation>
</Transform>
</Instance>
<Instance name="gear4-1" uid="gear4-1" entityUid="gear4*:*Default">
<Transform>
<Rotation>-3.7812206378699259e-016 0.48436698089753349 0.87486491975402014 -0.99999999999999978 -1.6164678439280579e-015 4.6274753548034916e-016 1.6383306372414657e-015 -0.87486491975402036 0.48436698089753355</Rotation>
<Translation>-0.0052528434900946941 -0.035674477253436199 0.0012422447862603103</Translation>
</Transform>
</Instance>
</Instance>
<Instance name="Part4-m1-1" uid="Part4-m1-1" grounded="true" entityUid="Part4-m1*:*Default">
<Transform>
<Rotation>1 0 0 0 1 0 0 0 1</Rotation>
<Translation>0 0 0</Translation>
</Transform>
</Instance>
<Instance name="Part2-m1-2" uid="Part2-m1-2" entityUid="Part2-m1*:*Default">
<Transform>
<Rotation>-0.67765782680313624 -0.73537736555625 0 0.73537736555625 -0.67765782680313624 2.3404923180917061e-016 -1.3408827619618129e-016 1.9987041121770276e-016 0.99999999999999978</Rotation>
<Translation>-1.5537571229629066e-012 -2.7313151740315789e-012 0.01799999999999935</Translation>
</Transform>
</Instance>
<Instance name="Part3-m-1" uid="Part3-m-1" entityUid="Part3-m*:*Default">
<Transform>
<Rotation>-0.28264302909795613 -0.61590019348096969 0.73537736555624011 0.30671716301340413 0.6683595227760617 0.67765782680314701 -0.90886605174543766 0.4170881201672606 -8.038045017475992e-016</Rotation>
<Translation>0.042794284576653019 -0.089233748750522535 0.086685875956681868</Translation>
</Transform>
</Instance>
<Instance name="ISO 15 ABB - 3735 - 38,DE,NC,38_68-1" uid="ISO 15 ABB - 3735 - 38,DE,NC,38_68-1" entityUid="ISO 15 ABB - 3735 - 38,DE,NC,38_68*:*ISO 15 ABB - 3735 - 38,DE,NC,38_68">
<Transform>
<Rotation>-5.0681596183050495e-015 -0.8776640049266009 0.47927642802061449 -1.5261854954662949e-014 -0.47927642802061449 -0.8776640049266009 0.99999999999999978 -1.1762788595848443e-014 -1.0965731303618816e-014</Rotation>
<Translation>2.1451562748353581e-010 1.8689511049885255e-010 0.018500000000822081</Translation>
</Transform>
</Instance>
<Instance name="ISO 7045 - M3 x 25 - Z --- 25S-1" uid="ISO 7045 - M3 x 25 - Z --- 25S-1" entityUid="ISO 7045 - M3 x 25 - Z --- 25S*:*ISO 7045 - M3 x 25 - Z --- 25S">
<Transform>
<Rotation>0 -0.13008810765384238 -0.99150243784220826 0 -0.99150243784220826 0.13008810765384238 -0.99999999999999989 0 0</Rotation>
<Translation>-1.4026557693114228e-012 0.014499999997259982 0.027400000000002311</Translation>
</Transform>
</Instance>
<Instance name="part5-m1-2" uid="part5-m1-2" entityUid="part5-m1*:*Default">
<Transform>
<Rotation>0 -0.985913868150607 -0.16725383280603007 0 0.16725383280603007 -0.985913868150607 0.99999999999999978 0 0</Rotation>
<Translation>-0.039951533139937045 0.03995153313822325 -0.0049999999999960076</Translation>
</Transform>
</Instance>
<Instance name="part6-m1-1" uid="part6-m1-1" entityUid="part6-m1*:*Default">
<Transform>
<Rotation>0.86602540378440562 0.50000000000005718 0 -0.50000000000005718 0.86602540378440573 0 0 0 0.99999999999999989</Rotation>
<Translation>-1.1102230246251565e-015 0 0.021999999999999353</Translation>
</Transform>
</Instance>
<Instance name="part5-m1-1" uid="part5-m1-1" entityUid="part5-m1*:*Default">
<Transform>
<Rotation>0 -0.16725383280602668 0.98591386815060766 0 -0.98591386815060766 -0.16725383280602668 0.99999999999999978 0 0</Rotation>
<Translation>-0.039951533138223194 -0.039951533139937323 -0.0049999999999960076</Translation>
</Transform>
</Instance>
<Instance name="ISO 7045 - M3 x 25 - Z --- 25S-3" uid="ISO 7045 - M3 x 25 - Z --- 25S-3" entityUid="ISO 7045 - M3 x 25 - Z --- 25S*:*ISO 7045 - M3 x 25 - Z --- 25S">
<Transform>
<Rotation>0 -0.13828726239146832 -0.9903921612473886 0 -0.9903921612473886 0.13828726239146832 -0.99999999999999989 0 0</Rotation>
<Translation>0.012557368353559473 -0.007250000002689716 0.027400000000002311</Translation>
</Transform>
</Instance>
<Instance name="Hexagon Nut ISO - 4032 - M3 - D - S-4" uid="Hexagon Nut ISO - 4032 - M3 - D - S-4" entityUid="Hexagon Nut ISO - 4032 - M3 - D - S*:*Hexagon Nut ISO - 4032 - M3 - D - S">
<Transform>
<Rotation>-0.96782379015352971 -0.25162891569304291 0 -0.25162891569304291 0.96782379015352971 0 0 0 -0.99999999999999978</Rotation>
<Translation>0.012557368353560028 -0.007250000002689494 0.0026000000000038215</Translation>
</Transform>
</Instance>
<Instance name="gripper assem-1" uid="gripper assem-1" entityUid="gripper assem">
<Transform>
<Rotation>0.26061735197881275 -0.73537736555624289 -0.62553874865999404 -0.28281544776151096 -0.67765782680314379 0.67881904236688606 -0.92308938806326213 1.7460773287182895e-016 -0.38458546728262144</Rotation>
<Translation>-0.21755243690797932 0.23239329893659649 0.14820714723149053</Translation>
</Transform>
<Instance name="Part3 t307-2" uid="Part3 t307-2" entityUid="Part3 t307*:*Default">
<Transform>
<Rotation>0.66533248951039248 -0.032087886073054461 -0.74585725575961659 -0.74499134394973177 0.035929700934439215 -0.66610581293870563 0.048172355577401071 0.99883903816286856 3.5527136788005009e-015</Rotation>
<Translation>0.0038887720065634568 -0.0004477575555573432 0.058802074790178516</Translation>
</Transform>
</Instance>
<Instance name="ISO 7045 - M4 x 12 - Z --- 12S-1" uid="ISO 7045 - M4 x 12 - Z --- 12S-1" entityUid="ISO 7045 - M4 x 12 - Z --- 12S*:*ISO 7045 - M4 x 12 - Z --- 12S">
<Transform>
<Rotation>0.74585725575962092 0.61261694529729993 0.26152902776810905 0.66610581293870064 -0.68596427891154266 -0.29284134616996971 -8.2711615334574178e-015 0.39262384847583115 -0.91969914298537192</Rotation>
<Translation>0.0021336960865441235 -0.014395937724795721 0.044000000000114503</Translation>
</Transform>
</Instance>
<Instance name="Part9 t308-2" uid="Part9 t308-2" entityUid="Part9 t308*:*Default">
<Transform>
<Rotation>0.56104188610277916 -0.35906678497038036 -0.74585725575961992 -0.62821424675560678 0.40205709313797283 -0.66610581293870208 0.53905367284855965 0.8422714157493878 4.1078251911130792e-015</Rotation>
<Translation>0.0054290912565311267 -0.028069282440018745 0.031028399339302348</Translation>
</Transform>
</Instance>
<Instance name="ISO 7045 - M3 x 25 - Z --- 25S-1" uid="ISO 7045 - M3 x 25 - Z --- 25S-1" entityUid="ISO 7045 - M3 x 25 - Z --- 25S*:*ISO 7045 - M3 x 25 - Z --- 25S">
<Transform>
<Rotation>0.74585725575962225 -0.45779808436367425 0.48385728059385014 0.66610581293869953 0.51260928258395266 -0.54178849136728602 -7.1609385088322628e-015 0.72639702460962452 0.68727531793182028</Rotation>
<Translation>0.0075679760017097752 -0.035193229739696935 0.035340828755169307</Translation>
</Transform>
</Instance>
<Instance name="part1 t307-1" uid="part1 t307-1" entityUid="part1 t307*:*Default">
<Transform>
<Rotation>0.74585725575962125 0.03208788607305587 -0.66533248951038715 0.66610581293870019 -0.035929700934444829 0.74499134394973643 -5.9396931817445891e-015 -0.99883903816286845 -0.048172355577406192</Rotation>
<Translation>-0.0031486589617282235 0.0036790927078813596 0.044000000000221862</Translation>
</Transform>
</Instance>
<Instance name="part2 t307-1" uid="part2 t307-1" entityUid="part2 t307*:*Default">
<Transform>
<Rotation>0.74585725575962392 0.034605767372598906 -0.66520627995778603 0.66610581293869719 -0.038749042846686857 0.74485002359383912 -6.106226635438361e-015 -0.99864956443339981 -0.051952357569034324</Rotation>
<Translation>0.0081751399016183335 -0.009000480687494955 0.044000000115448357</Translation>
</Transform>
</Instance>
<Instance name="Part3 t307-1" uid="Part3 t307-1" entityUid="Part3 t307*:*Default">
<Transform>
<Rotation>-0.6652062799577908 -0.034605767372599405 0.7458572557596197 0.7448500235938349 0.038749042846682305 0.66610581293870208 -0.051952357569031243 0.99864956443339992 -3.1086244689504383e-015</Rotation>
<Translation>0.0039069554500201775 -0.0004681180631751769 0.057951313148712269</Translation>
</Transform>
</Instance>
<Instance name="ISO 7045 - M4 x 12 - Z --- 12S-5" uid="ISO 7045 - M4 x 12 - Z --- 12S-5" entityUid="ISO 7045 - M4 x 12 - Z --- 12S*:*ISO 7045 - M4 x 12 - Z --- 12S">
<Transform>
<Rotation>0.74585725575962192 -0.076329925941380994 0.66171798859975761 0.66610581293869942 0.085468746840407728 -0.74094408647535914 -8.1601392309949006e-015 0.99341272174223405 0.11459129234233462</Rotation>
<Translation>-0.0091901027327903062 -0.0017163643765688574 0.044000000000008033</Translation>
</Transform>
</Instance>
<Instance name="ISO 7045 - M1.6 x 8 - Z --- 8S-4" uid="ISO 7045 - M1.6 x 8 - Z --- 8S-4" entityUid="ISO 7045 - M1.6 x 8 - Z --- 8S*:*ISO 7045 - M1.6 x 8 - Z --- 8S">
<Transform>
<Rotation>0.74585725575962047 -0.51283285299370351 0.42508754265570586 0.66610581293870141 0.57423324788259389 -0.47598237676985394 -8.5487172896137054e-015 0.63816819249829859 0.76989697887668984</Rotation>
<Translation>-0.011511141644207523 0.0035848409930571701 0.028000000000140579</Translation>
</Transform>
</Instance>
<Instance name="ISO 7045 - M1.6 x 8 - Z --- 8S-6" uid="ISO 7045 - M1.6 x 8 - Z --- 8S-6" entityUid="ISO 7045 - M1.6 x 8 - Z --- 8S*:*ISO 7045 - M1.6 x 8 - Z --- 8S">
<Transform>
<Rotation>-5.6621374255883007e-015 0.54869002601827266 0.83602587002321127 2.9156987320552886e-015 0.83602587002321127 -0.54869002601827266 -1 -6.6915876217298327e-016 -6.3335081805713059e-015</Rotation>
<Translation>-0.013999999999630086 3.1463720517876936e-013 0.0037999999994978717</Translation>
</Transform>
</Instance>
<Instance name="ISO 7045 - M1.6 x 8 - Z --- 8S-5" uid="ISO 7045 - M1.6 x 8 - Z --- 8S-5" entityUid="ISO 7045 - M1.6 x 8 - Z --- 8S*:*ISO 7045 - M1.6 x 8 - Z --- 8S">
<Transform>
<Rotation>0.74585725575962114 0.48902633485489705 0.45227226075574578 0.6661058129387003 -0.54757642558303332 -0.50642186378056564 -7.1054273576010019e-015 0.67897960349637532 -0.73415713443097785</Rotation>
<Translation>0.007139821118065548 -0.017299162168180809 0.028000000000123704</Translation>
</Transform>
</Instance>
<Instance name="Spring Pin ISO 8752 - 5 x 14 - St-1" uid="Spring Pin ISO 8752 - 5 x 14 - St-1" entityUid="Spring Pin ISO 8752 - 5 x 14 - St*:*Spring Pin ISO 8752 - 5 x 14 - St">
<Transform>
<Rotation>-0.74585725575962247 0.17512960192633095 0.64267143748563327 -0.6661058129386993 -0.19609749946301144 -0.71961713200397681 7.3274719625260363e-015 -0.96481883959294601 0.26291558867157522</Rotation>
<Translation>0.02091882087980701 -0.023269935688091242 0.035340828755164422</Translation>
</Transform>
</Instance>
<Instance name="Part10 t308-1" uid="Part10 t308-1" entityUid="Part10 t308*:*Default">
<Transform>
<Rotation>-0.65979306155566664 -0.7458572557596187 -0.091488086403263114 0.73878869197982977 -0.66610581293870308 0.1024417618552199 -0.13734767754036661 7.6292987608507626e-015 0.99052290002516719</Rotation>
<Translation>0.011904426136991386 -0.0056699515752957896 0.044000000000090411</Translation>
</Transform>
</Instance>
<Instance name="Part10 t308-2" uid="Part10 t308-2" entityUid="Part10 t308*:*Default">
<Transform>
<Rotation>-0.65979306155566753 -0.74585725575961859 -0.091488086403256896 0.73878869197983055 -0.6661058129387033 0.10244176185521255 -0.13734767754035698 7.4038185630357047e-015 0.99052290002516841</Rotation>
<Translation>0.00058062731704500159 0.0070096217725983678 0.04400000000010551</Translation>
</Transform>
</Instance>
<Instance name="ISO 7045 - M1.6 x 8 - Z --- 8S-7" uid="ISO 7045 - M1.6 x 8 - Z --- 8S-7" entityUid="ISO 7045 - M1.6 x 8 - Z --- 8S*:*ISO 7045 - M1.6 x 8 - Z --- 8S">
<Transform>
<Rotation>-6.2727600891321345e-015 0.91308700218998262 -0.40776479302621349 2.915698732055287e-015 -0.40776479302621349 -0.91308700218998262 -1 -6.8278716014447127e-015 -1.1102230246251565e-016</Rotation>
<Translation>0.014000000000377266 3.1286084833936911e-013 0.0037999999994682288</Translation>
</Transform>
</Instance>
<Instance name="ISO 7045 - M1.6 x 3 - Z --- 3S-4" uid="ISO 7045 - M1.6 x 3 - Z --- 3S-4" entityUid="ISO 7045 - M1.6 x 3 - Z --- 3S*:*ISO 7045 - M1.6 x 3 - Z --- 3S">
<Transform>
<Rotation>0.74585725575962103 -0.63589653842467886 0.19832434658971659 0.66610581293870053 0.71203108858040121 -0.22206930194036639 -8.8817841970012523e-015 0.29773700024437616 0.95464793441639006</Rotation>
<Translation>-0.00058825119480165888 -0.024409085397166019 0.026715969990107391</Translation>
</Transform>
</Instance>
<Instance name="Part7 t308-1" uid="Part7 t308-1" grounded="true" entityUid="Part7 t308*:*Default">
<Transform>
<Rotation>1 0 0 0 1 0 0 0 1</Rotation>
<Translation>0 0 0</Translation>
</Transform>
</Instance>
<Instance name="Part8 t308-1" uid="Part8 t308-1" entityUid="Part8 t308*:*Default">
<Transform>
<Rotation>-0.66610581293870419 -0.74585725575961781 1.1046719095020308e-014 0.74585725575961792 -0.66610581293870408 -4.3034775128367311e-015 1.0491607582707729e-014 5.3845816694320092e-015 0.99999999999999989</Rotation>
<Translation>0.0055000000016023343 1.6658896484500474e-013 0.012999999999488088</Translation>
</Transform>
</Instance>
<Instance name="Part5 t308-2" uid="Part5 t308-2" entityUid="Part5 t308*:*Default">
<Transform>
<Rotation>-0.66610581293870419 8.6332516142938742e-015 0.7458572557596177 0.74585725575961781 -5.7237543503556461e-015 0.66610581293870408 1.0019762797242039e-014 0.99999999999999989 -2.6265473127144275e-015</Rotation>
<Translation>0.0084800984955930581 0.0026681525382147575 0.027999999999490433</Translation>
</Transform>
</Instance>
<Instance name="Part6 t308-1" uid="Part6 t308-1" entityUid="Part6 t308*:*Default">
<Transform>
<Rotation>1 -9.2148511043887993e-015 3.121486630549821e-015 -3.1118662618121891e-015 2.4716095222052236e-015 1 -9.2148511043887993e-015 -0.99999999999999989 2.4338259211440853e-015</Rotation>
<Translation>0.0024999999995847233 -0.013500000000341073 0.0059999999998497922</Translation>
</Transform>
</Instance>
<Instance name="Part6 t308-2" uid="Part6 t308-2" entityUid="Part6 t308*:*Default">
<Transform>
<Rotation>1 -9.2703622556200508e-015 -3.1053826760887116e-015 3.1053826760886875e-015 -2.5799052398392398e-015 1 -9.2703622556200571e-015 -1 -2.579905239839211e-015</Rotation>
<Translation>0.0024999999995847233 0.013500000000341184 0.0059999999998497922</Translation>
</Transform>
</Instance>
<Instance name="servo-1" uid="servo-1" entityUid="servo">
<Transform>
<Rotation>-0.99999999999999989 1.0713652187632764e-014 1.7017409645242276e-014 1.7017409645242276e-014 0 0.99999999999999989 1.0713652187632761e-014 1 0</Rotation>
<Translation>-4.169997680492088e-013 -2.769451334927453e-013 -0.015000000000146119</Translation>
</Transform>
<Instance name="Part7-1" uid="Part7-1" entityUid="Part7*:*Default">
<Transform>
<Rotation>-0.74585725576034323 2.0539125955565396e-015 0.66610581293789173 -2.4424906541753444e-015 -1 3.0531133177191805e-016 0.66610581293789173 -1.4961869138652056e-015 0.74585725576034323</Rotation>
<Translation>-0.0055000000009526318 0.026500000000140078 -1.0758061108617767e-012</Translation>
</Transform>
</Instance>
<Instance name="gear4-1" uid="gear4-1" entityUid="gear4*:*Default">
<Transform>
<Rotation>-4.4408920985006252e-016 0.99711420962537611 0.07591609159566591 -1 -4.0086422259027951e-016 -5.8461646855116679e-016 -5.5249734293378612e-016 -0.07591609159566591 0.99711420962537611</Rotation>
<Translation>-0.0064021967675069735 -0.035674477461138665 0.00088898756898067588</Translation>
</Transform>
</Instance>
<Instance name="Part5 upper cover-1" uid="Part5 upper cover-1" entityUid="Part5 upper cover*:*Default">
<Transform>
<Rotation>1 0 0 0 1 0 0 0 1</Rotation>
<Translation>-3.9879211044535623e-013 0.016499999999666226 -1.3386514119417825e-013</Translation>
</Transform>
</Instance>
<Instance name="Part3 bottom cover-1" uid="Part3 bottom cover-1" entityUid="Part3 bottom cover*:*Default">
<Transform>
<Rotation>1 0 0 0 1 0 0 0 1</Rotation>
<Translation>-3.6148861681795097e-013 -0.005000000000346283 -2.0919377341499512e-013</Translation>
</Transform>
</Instance>
<Instance name="Part4 middle cover-1" uid="Part4 middle cover-1" grounded="true" entityUid="Part4 middle cover*:*Default">
<Transform>
<Rotation>1 0 0 0 1 0 0 0 1</Rotation>
<Translation>0 0 0</Translation>
</Transform>
</Instance>
</Instance>
<Instance name="Part4 t308-2" uid="Part4 t308-2" entityUid="Part4 t308*:*Default">
<Transform>
<Rotation>0.66610581293870508 1.0097780897995578e-014 -0.74585725575961692 -0.74585725575961692 -6.4625353778402364e-015 -0.66610581293870508 -1.1546319456101631e-014 1 3.2267707683394502e-015</Rotation>
<Translation>0.0025132404494918603 -0.0026606939653247563 0.027999999999486991</Translation>
</Transform>
</Instance>
<Instance name="servo-3" uid="servo-3" entityUid="servo">
<Transform>
<Rotation>-0.66610581293870319 -0.74585725575961881 -1.8702685749652694e-013 0.74585725575961892 -0.66610581293870297 2.215863664577435e-013 -2.898514761540129e-013 8.1046280797637074e-015 1</Rotation>
<Translation>0.011836456146259611 0.0056656286963133462 0.027999999999684055</Translation>
</Transform>
<Instance name="gear4-1" uid="gear4-1" entityUid="gear4*:*Default">
<Transform>
<Rotation>5.8841820305133312e-015 -0.85350352879177926 -0.521087062149868 -1 -4.8196871281147318e-015 -3.3978238716774454e-015 3.8857805861880489e-016 0.521087062149868 -0.85350352879177926</Rotation>
<Translation>-0.0051008055779927508 -0.035674477461108856 -0.0012020406473168821</Translation>
</Transform>
</Instance>
<Instance name="Part3 bottom cover-1" uid="Part3 bottom cover-1" entityUid="Part3 bottom cover*:*Default">
<Transform>
<Rotation>1 0 0 0 1 0 0 0 1</Rotation>
<Translation>7.8093087552133511e-013 -0.0050000000003743716 3.5471625636773751e-013</Translation>
</Transform>
</Instance>
<Instance name="Part4 middle cover-1" uid="Part4 middle cover-1" grounded="true" entityUid="Part4 middle cover*:*Default">
<Transform>
<Rotation>1 0 0 0 1 0 0 0 1</Rotation>
<Translation>0 0 0</Translation>
</Transform>
</Instance>
<Instance name="Part5 upper cover-1" uid="Part5 upper cover-1" entityUid="Part5 upper cover*:*Default">
<Transform>
<Rotation>1 0 0 0 1 0 0 0 1</Rotation>
<Translation>7.5905948193621953e-013 0.016499999999608717 3.6870506647801449e-013</Translation>
</Transform>
</Instance>
<Instance name="Part7-1" uid="Part7-1" entityUid="Part7*:*Default">
<Transform>
<Rotation>-0.1467462871703413 4.6748038374381271e-015 0.98917416424091864 3.3306690738754706e-016 -1 4.7753776233141494e-015 0.98917416424091864 1.0302301158090644e-015 0.1467462871703413</Rotation>
<Translation>-0.0055000001232062834 0.026500000000587498 3.1802638300604258e-010</Translation>
</Transform>
</Instance>
</Instance>
<Instance name="ISO 7045 - M4 x 35 - Z --- 35S-3" uid="ISO 7045 - M4 x 35 - Z --- 35S-3" entityUid="ISO 7045 - M4 x 35 - Z --- 35S*:*ISO 7045 - M4 x 35 - Z --- 35S">
<Transform>
