<?xml version="1.0" encoding="UTF-8" standalone="no" ?>
<SimscapeMultibodyImportXML version="2.0" xmlns="urn:mathworks:SimscapeMultibody:import" xmlns:xsi="http://www.w3.org/2001/XMLSchema-instance">
<Created by="" on="08/27/18||21:23:05" using="Simscape Multibody Link Version 5.0" from="SolidWorks 22.4.0"/>
<ModelUnits mass="kilogram" length="millimeter"/>
<DataUnits mass="kilogram" length="meter"/>
<RootAssembly name="BASE ASSEMBLE" uid="BASE ASSEMBLE" version="543">
<AssemblyFile name="BASE ASSEMBLE.SLDASM" type="SolidWorks Assembly"/>
<InstanceTree>
<Instance name="Front Arm 1-1" uid="Front Arm 1-1" entityUid="Front Arm 1*:*Default">
<Transform>
<Rotation>-0.63586785604247476 0.76902522001725016 0.065362685298008594 0.10225406754950261 0 0.99475831520504598 0.76499423221454954 0.63921843760753649 -0.078635956794914974</Rotation>
<Translation>-0.13176590400897115 0.2461828948581192 0.043588972700089892</Translation>
</Transform>
</Instance>
<Instance name="Base Bolt-3" uid="Base Bolt-3" entityUid="Base Bolt*:*Default">
<Transform>
<Rotation>0.82732301613584214 0 -0.56172646988716235 0 1 0 0.56172646988716235 0 0.82732301613584214</Rotation>
<Translation>-0.061765362541223126 -0.011767319156201189 -0.026668413721381515</Translation>
</Transform>
</Instance>
<Instance name="Motor Head-3" uid="Motor Head-3" entityUid="Motor Head*:*Default">
<Transform>
<Rotation>0.28244151770962145 0.76902522001725038 -0.5734343903632787 -0.89708674942094335 0 -0.44185446021667063 -0.33979722348372854 0.63921843760753616 0.68988233484800088</Rotation>
<Translation>-0.076175202502206676 0.1412326808437987 0.0095502175276969813</Translation>
</Transform>
</Instance>
<Instance name="Servo Motor 16-3" uid="Servo Motor 16-3" entityUid="Servo Motor 16*:*Default">
<Transform>
<Rotation>1 0 0 0 1 0 0 0 1</Rotation>
<Translation>-0.084966996785868054 0.012232680843798784 0.081082247862612006</Translation>
</Transform>
</Instance>
<Instance name="Servo Motor 6-1" uid="Servo Motor 6-1" entityUid="Servo Motor 6*:*Default">
<Transform>
<Rotation>-0.63586785604247464 -0.76902522001725038 -0.065362685298008275 0.10225406754950256 -3.1329613652038236e-016 -0.99475831520504587 0.76499423221454976 -0.63921843760753605 0.078635956794915224</Rotation>
<Translation>-0.22286426927936404 0.25677950390990834 0.17821734906133704</Translation>
</Transform>
</Instance>
<Instance name="WRIST ASSEMBLE-1" uid="WRIST ASSEMBLE-1" entityUid="WRIST ASSEMBLE" rigid="true">
<Transform>
<Rotation>0.76902522001725038 -0.0001771882874706624 -0.63921841304966376 4.7577586878601876e-016 0.99999996158140758 -0.0002771952075310531 0.63921843760753627 0.00021317010545899131 0.76902519047238393</Rotation>
<Translation>-0.23559397372322619 0.23035049169542715 0.19522259172410722</Translation>
</Transform>
<Instance name="Wrist 1-1" uid="Wrist 1-1" entityUid="Wrist 1*:*Default">
<Transform>
<Rotation>0 0 -1 0 0.99999999999999978 0 1 0 0</Rotation>
<Translation>0.044919399114662681 0.014641128794306457 -0.023931887493934045</Translation>
</Transform>
</Instance>
<Instance name="Wrist Support-2" uid="Wrist Support-2" entityUid="Wrist Support*:*Default">
<Transform>
<Rotation>0 -1 0 0 0 0.99999999999999978 -1 0 0</Rotation>
<Translation>-0.029080600885337371 0.02264112879430652 0.01606811250606599</Translation>
</Transform>
</Instance>
<Instance name="Wrist 2-1" uid="Wrist 2-1" grounded="true" entityUid="Wrist 2*:*Default">
<Transform>
<Rotation>1 0 0 0 1 0 0 0 1</Rotation>
<Translation>-0.035080600885337335 -0.0053588712056935328 0.016068112506065935</Translation>
</Transform>
</Instance>
<Instance name="Wrist Support-1" uid="Wrist Support-1" entityUid="Wrist Support*:*Default">
<Transform>
<Rotation>0 1 0 0 0 0.99999999999999978 1 0 0</Rotation>
<Translation>0.038919399114662648 0.022641128794306464 -0.023931887493934045</Translation>
</Transform>
</Instance>
<Instance name="Wrist 1-2" uid="Wrist 1-2" entityUid="Wrist 1*:*Default">
<Transform>
<Rotation>0 0 1 1.2490009027033011e-016 0.99999999999999978 0 -1 1.2490009027033011e-016 0</Rotation>
<Translation>-0.035080600885337376 0.014641128794306457 0.01606811250606599</Translation>
</Transform>
</Instance>
</Instance>
<Instance name="Base Plate 1-1" uid="Base Plate 1-1" grounded="true" entityUid="Base Plate 1*:*Default">
<Transform>
<Rotation>1 0 0 0 1 0 0 0 1</Rotation>
<Translation>-0.061765362541223112 -0.01176731915620121 0.035831586278618488</Translation>
</Transform>
</Instance>
<Instance name="Base Bolt-1" uid="Base Bolt-1" entityUid="Base Bolt*:*Default">
<Transform>
<Rotation>0.96286012904385188 0 0.27000068869848687 0 1 0 -0.27000068869848687 0 0.96286012904385188</Rotation>
<Translation>-0.0076387748046958456 -0.011767319156201182 0.067081586278618766</Translation>
</Transform>
</Instance>
<Instance name="Base Spacer-1" uid="Base Spacer-1" entityUid="Base Spacer*:*Default">
<Transform>
<Rotation>1 0 0 0 1 0 0 0 1</Rotation>
<Translation>-0.11589195027775034 0.0022326808437987903 0.067081586278618752</Translation>
</Transform>
</Instance>
<Instance name="Base Spacer-2" uid="Base Spacer-2" entityUid="Base Spacer*:*Default">
<Transform>
<Rotation>1 0 0 0 1 0 0 0 1</Rotation>
<Translation>-0.061765362541223112 0.0022326808437987903 -0.026668413721381512</Translation>
</Transform>
</Instance>
<Instance name="Base Plate 2-1" uid="Base Plate 2-1" entityUid="Base Plate 2*:*Default">
<Transform>
<Rotation>1 0 0 0 1 0 0 0 1</Rotation>
<Translation>-0.061765362541223112 0.072232680843798802 0.035831586278618481</Translation>
</Transform>
</Instance>
<Instance name="Base Bolt-2" uid="Base Bolt-2" entityUid="Base Bolt*:*Default">
<Transform>
<Rotation>-0.72563625378826735 0 -0.68807850365211221 0 1 0 0.68807850365211221 0 -0.72563625378826735</Rotation>
<Translation>-0.11589195027775037 -0.011767319156201189 0.067081586278618752</Translation>
</Transform>
</Instance>
<Instance name="Arm 1-1" uid="Arm 1-1" entityUid="Arm 1*:*Default">
<Transform>
<Rotation>-0.31476664496735607 -0.55634716696808495 0.76902522001725027 0.87035531867694305 -0.49242422691288923 1.4525231457882255e-016 0.37868664944350899 0.66932519043872019 0.63921843760753616</Rotation>
<Translation>-0.020979765369439796 0.13903309057872285 0.025469820249301254</Translation>
</Transform>
</Instance>
<Instance name="Arm 2-1" uid="Arm 2-1" entityUid="Arm 2*:*Default">
<Transform>
<Rotation>-0.31476664496735512 0.55634716696808495 -0.76902522001725071 0.87035531867694416 0.49242422691288779 -4.163336342344337e-016 0.37868664944350788 -0.6693251904387213 -0.63921843760753583</Rotation>
<Translation>-0.084258249384245781 0.11884369727529429 0.019274697519443398</Translation>
</Transform>
</Instance>
<Instance name="Upper Arm Spacer-2" uid="Upper Arm Spacer-2" entityUid="Upper Arm Spacer*:*Default">
<Transform>
<Rotation>0.63435371956900777 0.76902522001725016 -0.078711939668543979 -0.12313778051075405 0 -0.9923895842918169 -0.76317261840284212 0.63921843760753616 0.094696058749718467</Rotation>
<Translation>-0.16761089971146786 0.25231813891108934 0.091406281945785525</Translation>
</Transform>
</Instance>
<Instance name="Base Spacer-3" uid="Base Spacer-3" entityUid="Base Spacer*:*Default">
<Transform>
<Rotation>-0.16598844452021266 0 0.98612769775813536 0 1 0 -0.98612769775813536 0 -0.16598844452021266</Rotation>
<Translation>-0.0076387748046958318 0.0022326808437987972 0.067081586278618738</Translation>
</Transform>
</Instance>
<Instance name="Upper Arm Spacer-1" uid="Upper Arm Spacer-1" entityUid="Upper Arm Spacer*:*Default">
<Transform>
<Rotation>0.59538701881171929 0.76902522001725016 0.23262525402009393 0.36392137700339572 1.4525231431386626e-016 -0.93142967064612681 -0.71629290739923279 0.63921843760753616 -0.27986471701901705</Rotation>
<Translation>-0.20576297107401634 0.25845338296405956 0.13730593587865847</Translation>
</Transform>
</Instance>
<Instance name="Mounting 1-2" uid="Mounting 1-2" entityUid="Mounting 1*:*Default">
<Transform>
<Rotation>1 0 0 0 1 0 0 0 1</Rotation>
<Translation>-0.094966996785868049 0.002232680843798792 0.093082247862612016</Translation>
</Transform>
</Instance>
<Instance name="Servo Motor 16-1" uid="Servo Motor 16-1" entityUid="Servo Motor 16*:*Default">
<Transform>
<Rotation>0.63921843760753705 -0.7690252200172496 -1.1441862725001945e-015 1.7133575119420268e-015 0 1 -0.7690252200172496 -0.63921843760753705 1.2769055684677563e-015</Rotation>
<Translation>-0.056930967556550797 0.15123268084379865 0.067157261668487109</Translation>
</Transform>
</Instance>
<Instance name="Front Arm 2-1" uid="Front Arm 2-1" entityUid="Front Arm 2*:*Default">
<Transform>
<Rotation>-0.63586785604247453 0.76902522001725038 0.065362685298009177 0.1022540675495042 4.7577586870847058e-016 0.99475831520504598 0.76499423221454965 0.63921843760753627 -0.078635956794916556</Rotation>
<Translation>-0.083317315147884402 0.24618289485811906 0.083859734269364702</Translation>
</Transform>
</Instance>
<Instance name="basic-1" uid="basic-1" entityUid="basic*:*Default">
<Transform>
<Rotation>0.96262568231088386 0 -0.27083536651535228 0 1 1.3887755445797323e-016 0.27083536651535228 -1.2508536657789962e-016 0.96262568231088386</Rotation>
<Translation>0.0073960225207970274 0 0.018067425690687824</Translation>
</Transform>
</Instance>
<Instance name="Motor Head-6" uid="Motor Head-6" entityUid="Motor Head*:*Default">
<Transform>
<Rotation>0.81760630236974507 0 0.57577767786296952 0 -1 0 0.57577767786296952 0 -0.81760630236974507</Rotation>
<Translation>-0.052966996785868053 0.061232680843798785 0.071082247862611997</Translation>
</Transform>
</Instance>
<Instance name="Servo Motor 6-2" uid="Servo Motor 6-2" entityUid="Servo Motor 6*:*Default">
<Transform>
<Rotation>0.76902522001725038 0.00017718828747062936 0.63921841304966376 4.2389679483258738e-016 -0.99999996158140758 0.00027719520753106389 0.63921843760753627 -0.00021317010545903275 -0.76902519047238393</Rotation>
<Translation>-0.23776847537792353 0.24099437315253147 0.18050406403720359</Translation>
</Transform>
</Instance>
<Instance name="Motor Head-5" uid="Motor Head-5" entityUid="Motor Head*:*Default">
<Transform>
<Rotation>0.52495112571016944 0.76902522001725016 0.36472801728554632 0.57058431958040567 2.5542683270712615e-016 -0.82123902382252001 -0.63155352098186535 0.63921843760753616 -0.4387937319037144</Rotation>
<Translation>-0.25648576068479034 0.2643841188819307 0.17016966947016671</Translation>
</Transform>
</Instance>
<Instance name="Motor Head-4" uid="Motor Head-4" entityUid="Motor Head*:*Default">
<Transform>
<Rotation>-0.077695632144281185 0.76902522001725038 -0.63447899864622814 -0.99258557218867616 -1.8527123999026518e-016 0.12154785840514845 0.093473368552644778 0.63921843760753627 0.76332333803834518</Rotation>
<Translation>-0.12979180840422014 0.24710361173450365 0.045907226689708307</Translation>
</Transform>
</Instance>
<Instance name="Shaft Gear-1" uid="Shaft Gear-1" entityUid="Shaft Gear*:*Default">
<Transform>
<Rotation>0.98655500991416545 0 -0.16342953347929809 0 1 -3.2422639118517866e-016 0.16342953347929809 3.3253668077520906e-016 0.98655500991416545</Rotation>
<Translation>0.025409233816850226 0.006079894286594059 0.042567960868692648</Translation>
</Transform>
</Instance>
<Instance name="Base Gear-1" uid="Base Gear-1" entityUid="Base Gear*:*Default">
<Transform>
<Rotation>0 -0.97384506025346629 -0.22721311278164147 -1 0 0 0 0.22721311278164147 -0.97384506025346629</Rotation>
<Translation>-0.095280856649993917 0.10896517627152492 -0.085084491203139573</Translation>
</Transform>
</Instance>
<Instance name="Assem1-1" uid="Assem1-1" entityUid="Assem1">
<Transform>
<Rotation>-0.99969218300408647 -0.024809430562487529 0.00017718828747049562 -0.00018242237375554687 0.00020870855428371197 -0.99999996158140769 0.024809392628632812 -0.99969217692042811 -0.00021317010545824323</Rotation>
<Translation>-0.23458659924537789 0.16261232845604562 0.18877047401091249</Translation>
</Transform>
<Instance name="Servo Motor 6-1" uid="Servo Motor 6-1" entityUid="Servo Motor 6*:*Default">
<Transform>
<Rotation>-1.0000000000000002 0 0 0 1.0000000000000002 0 0 0 -1</Rotation>
<Translation>0.024464487235550642 -0.030246021016454072 -0.0073808433248550576</Translation>
</Transform>
</Instance>
<Instance name="grip2-1" uid="grip2-1" grounded="true" entityUid="grip2*:*Default">
<Transform>
<Rotation>1 0 0 0 1 0 0 0 1</Rotation>
<Translation>-0.023435512764449384 -0.0082460210164540526 0.023619156675144942</Translation>
</Transform>
</Instance>
<Instance name="pin-1" uid="pin-1" entityUid="pin*:*Default">
<Transform>
<Rotation>0.96074377340046535 0 0.27743720347537221 1.0061396160665481e-016 1 0 -0.27743720347537221 0 0.96074377340046546</Rotation>
<Translation>-0.023730696907227955 -0.013246021016459053 0.028909807425812589</Translation>
</Transform>
</Instance>
<Instance name="pin-2" uid="pin-2" entityUid="pin*:*Default">
<Transform>
<Rotation>0.99572121357274335 0 -0.092408142721425363 0 1 -2.5196858488563123e-016 0.092408142721425349 2.4291549674537727e-016 0.99572121357274335</Rotation>
<Translation>-0.015308349299136603 -0.013246021016453891 0.049233784909765529</Translation>
</Transform>
</Instance>
<Instance name="grip1-6" uid="grip1-6" entityUid="grip1*:*Default">
<Transform>
<Rotation>0.15718827408451211 0 0.98756865406427941 2.2811613709095018e-016 1 0 -0.98756865406427941 2.3255517594300566e-016 0.15718827408451211</Rotation>
<Translation>-0.015308349353034933 -0.00024602101638829255 0.04923378481087741</Translation>
</Transform>
</Instance>
<Instance name="grip1-10" uid="grip1-10" entityUid="grip1*:*Default">
<Transform>
<Rotation>-0.26696702130783484 0 0.96370566540517033 0 1 0 -0.96370566540517033 0 -0.26696702130783478</Rotation>
<Translation>0.0078404648119284881 -0.01324602101968797 0.048494032161998504</Translation>
</Transform>
</Instance>
<Instance name="ISO - Spur gear 1.125M 24T 20PA 5FW ---S24A75H50L3.0N-10" uid="ISO - Spur gear 1.125M 24T 20PA 5FW ---S24A75H50L3.0N-10" entityUid="ISO - Spur gear 1.125M 24T 20PA 5FW ---S24A75H50L3.0N*:*ISO - Spur gear 1.125M 24T 20PA 5FW ---S24A75H50L3.0N">
<Transform>
<Rotation>-1.3183898417423734e-016 -0.90692772036027258 0.42128625664994057 -1 1.0408340855860843e-016 0 0 -0.42128625664994052 -0.90692772036027247</Rotation>
<Translation>-0.018435512808513604 0.0077539790366729366 -0.0013808434491033028</Translation>
</Transform>
</Instance>
<Instance name="grip4-6" uid="grip4-6" entityUid="grip4*:*Default">
<Transform>
<Rotation>0 -0.92381715841861722 -0.3828339820488138 -1.0000000000000002 -1.1102230246251565e-016 0 -1.3089030727331252e-016 0.38283398204881386 -0.92381715841861722</Rotation>
<Translation>-0.021025781005313909 -0.0022460210164028938 0.022376551755172974</Translation>
</Transform>
</Instance>
<Instance name="grip1-9" uid="grip1-9" entityUid="grip1*:*Default">
<Transform>
<Rotation>-0.15718827408451291 0 -0.98756865406427918 -1.9428902930940239e-016 1 0 0.98756865406427907 1.9870715316228083e-016 -0.15718827408451294</Rotation>
<Translation>-0.010435512856414059 -0.013246021016392051 0.018619156534885967</Translation>
</Transform>
</Instance>
<Instance name="pin-3" uid="pin-3" entityUid="pin*:*Default">
<Transform>
<Rotation>0.59612767998347627 0 0.80288964942731567 0 1 0 -0.80288964942731589 0 0.59612767998347638</Rotation>
<Translation>-0.018435512804786475 -0.013246021019669652 -0.0013808433769962603</Translation>
</Transform>
</Instance>
<Instance name="grip1-8" uid="grip1-8" entityUid="grip1*:*Default">
<Transform>
<Rotation>-0.26696702130783462 0 0.96370566540517033 0 1 0 -0.96370566540517033 0 -0.26696702130783456</Rotation>
<Translation>0.007840464811930653 -0.00024602101968543288 0.048494032161999323</Translation>
</Transform>
</Instance>
<Instance name="pin-5" uid="pin-5" entityUid="pin*:*Default">
<Transform>
<Rotation>0.99572121357274146 -1.1796119636642288e-016 -0.09240814272144586 1.2836953722228372e-016 1 0 0.092408142721445832 0 0.99572121357274146</Rotation>
<Translation>0.0078404648587144243 -0.013246021019669846 0.048494032267668602</Translation>
</Transform>
</Instance>
<Instance name="grip4-5" uid="grip4-5" entityUid="grip4*:*Default">
<Transform>
<Rotation>0 -0.92381715841861767 -0.38283398204881247 -1.0000000000000002 0 1.2663481374630692e-016 -1.3761236074272265e-016 0.38283398204881275 -0.92381715841861778</Rotation>
<Translation>-0.021025781005315713 -0.0052460210164037846 0.022376551755171004</Translation>
</Transform>
</Instance>
<Instance name="pin-6" uid="pin-6" entityUid="pin*:*Default">
<Transform>
<Rotation>0.99572121357274268 -1.0061396160665481e-016 -0.092408142721432676 0 1 -2.5370330836160804e-016 0.092408142721432662 2.4389127870061422e-016 0.99572121357274268</Rotation>
<Translation>-0.010435512789153306 -0.013246021019669874 0.01861915663820185</Translation>
</Transform>
</Instance>
<Instance name="ISO - Spur gear 1.125M 24T 20PA 5FW ---S24A75H50L3.0N-9" uid="ISO - Spur gear 1.125M 24T 20PA 5FW ---S24A75H50L3.0N-9" entityUid="ISO - Spur gear 1.125M 24T 20PA 5FW ---S24A75H50L3.0N*:*ISO - Spur gear 1.125M 24T 20PA 5FW ---S24A75H50L3.0N">
<Transform>
<Rotation>4.0939474033052647e-016 0.97613085109101105 0.21718324417030552 1.0000000000000002 -1.1449174941446927e-016 -1.2646134139870924e-015 -1.2080451656376612e-015 0.21718324417030546 -0.97613085109101105</Rotation>
<Translation>0.0084644871914864028 0.00275397903667296 -0.0013808434491032195</Translation>
</Transform>
</Instance>
<Instance name="grip4-1" uid="grip4-1" entityUid="grip4*:*Default">
<Transform>
<Rotation>-1.3183898417423734e-016 0.88664812273519578 0.46244470637055957 1 1.1449174941446927e-016 0 0 0.46244470637055957 -0.88664812273519589</Rotation>
<Translation>0.015893231331583685 -0.0082460210196807215 0.022242309453685633</Translation>
</Transform>
</Instance>
<Instance name="Gear 1-1" uid="Gear 1-1" entityUid="Gear 1*:*Default">
<Transform>
<Rotation>-0.17220110899817281 0 -0.98506181433440976 0 1 0 0.98506181433440987 0 -0.17220110899817279</Rotation>
<Translation>-0.020175836263002817 -0.00024602101639034646 0.0085745286740338544</Translation>
</Transform>
</Instance>
<Instance name="grip5-1" uid="grip5-1" entityUid="grip5*:*Default">
<Transform>
<Rotation>1 0 0 0 1 0 0 0 1</Rotation>
<Translation>-0.015435512764449377 -0.0022460210164541028 -0.01138084332485495</Translation>
</Transform>
</Instance>
<Instance name="Gear 2-1" uid="Gear 2-1" entityUid="Gear 2*:*Default">
<Transform>
<Rotation>-0.042858350193154045 -1.1102230246251565e-016 0.99908115877476189 0 1 1.214306433183765e-016 -0.99908115877476167 0 -0.042858350193154045</Rotation>
<Translation>0.0080313459767331341 -0.00024602101968435042 -0.011477899891811361</Translation>
</Transform>
</Instance>
<Instance name="grip4-3" uid="grip4-3" entityUid="grip4*:*Default">
<Transform>
<Rotation>0 0.88664812273519555 0.46244470637056001 1 0 0 0 0.46244470637056001 -0.88664812273519555</Rotation>
<Translation>0.015893231331591678 -0.0052460210196794421 0.022242309453700176</Translation>
</Transform>
</Instance>
<Instance name="grippercombine-1" uid="grippercombine-1" entityUid="grippercombine*:*Default">
<Transform>
<Rotation>1 0 0 0 1 0 0 0 1</Rotation>
<Translation>0 0 0</Translation>
</Transform>
</Instance>
<Instance name="pin-7" uid="pin-7" entityUid="pin*:*Default">
<Transform>
<Rotation>0.99572121357274201 -1.2836953722228372e-016 -0.092408142721441572 1.457167719820518e-016 1.0000000000000002 0 0.09240814272144153 0 0.99572121357274179</Rotation>
<Translation>-0.00043551278915449076 -0.013246021019671178 0.018619156636530743</Translation>
</Transform>
</Instance>
<Instance name="pin-8" uid="pin-8" entityUid="pin*:*Default">
<Transform>
<Rotation>0.6796669594618957 -1.214306433183765e-016 0.73352084102349935 2.8449465006019636e-016 1 0 -0.73352084102349935 2.6828582758153807e-016 0.67966695946189559</Rotation>
<Translation>0.018014248396373639 -0.013246021019670706 0.028987773566196945</Translation>
</Transform>
</Instance>
</Instance>
<Instance name="Servo Motor 16-4" uid="Servo Motor 16-4" entityUid="Servo Motor 16*:*Default">
<Transform>
<Rotation>-0.31476664496735657 -0.76902522001725016 -0.55634716696808484 0.8703553186769426 1.6526318871962517e-016 -0.49242422691289023 0.37868664944350983 -0.6392184376075366 0.66932519043871963</Rotation>
<Translation>-0.08559513237077214 0.21432799926771254 0.073471092705218913</Translation>
</Transform>
</Instance>
</InstanceTree>
<Constraints>
<Concentric name="Concentric1">
<ConstraintGeometry geomType="cylinder">
<InstancePath>
<Uid>Base Plate 1-1</Uid>
</InstancePath>
<Position>0 -0.002 0</Position>
<Axis>0 1 0</Axis>
</ConstraintGeometry>
<ConstraintGeometry geomType="cylinder">
<InstancePath>
<Uid>Base Plate 2-1</Uid>
</InstancePath>
<Position>0 0 0</Position>
<Axis>0 1 0</Axis>
</ConstraintGeometry>
</Concentric>
<Coincident name="Coincident1">
<ConstraintGeometry geomType="plane">
<InstancePath>
<Uid>Base Plate 1-1</Uid>
</InstancePath>
<Position>0 0.014 0</Position>
<Axis>0 1 0</Axis>
</ConstraintGeometry>
<ConstraintGeometry geomType="plane">
<InstancePath>
<Uid>Base Spacer-1</Uid>
</InstancePath>
<Position>0 0 0</Position>
<Axis>0 -1 0</Axis>
</ConstraintGeometry>
</Coincident>
<Coincident name="Coincident2">
<ConstraintGeometry geomType="plane">
<InstancePath>
<Uid>Base Plate 1-1</Uid>
</InstancePath>
<Position>0 0.014 0</Position>
<Axis>0 1 0</Axis>
</ConstraintGeometry>
<ConstraintGeometry geomType="plane">
<InstancePath>
<Uid>Base Spacer-2</Uid>
</InstancePath>
<Position>0 0 0</Position>
<Axis>0 -1 0</Axis>
</ConstraintGeometry>
</Coincident>
<Coincident name="Coincident3">
<ConstraintGeometry geomType="plane">
<InstancePath>
<Uid>Base Plate 1-1</Uid>
</InstancePath>
<Position>0 0.014 0</Position>
<Axis>0 1 0</Axis>
</ConstraintGeometry>
<ConstraintGeometry geomType="plane">
<InstancePath>
<Uid>Base Spacer-3</Uid>
</InstancePath>
<Position>0 0 0</Position>
<Axis>0 -1 0</Axis>
</ConstraintGeometry>
</Coincident>
<Concentric name="Concentric4">
<ConstraintGeometry geomType="cylinder">
<InstancePath>
<Uid>Base Plate 1-1</Uid>
</InstancePath>
<Position>0.054126587736527267 0 0.031250000000000278</Position>
<Axis>0 1 0</Axis>
</ConstraintGeometry>
<ConstraintGeometry geomType="cylinder">
<InstancePath>
<Uid>Base Spacer-3</Uid>
</InstancePath>
<Position>0 0.070000000000000007 0</Position>
<Axis>0 -1 0</Axis>
</ConstraintGeometry>
</Concentric>
<Concentric name="Concentric5">
<ConstraintGeometry geomType="cylinder">
<InstancePath>
<Uid>Base Plate 1-1</Uid>
</InstancePath>
<Position>-0.05412658773652726 0 0.031250000000000264</Position>
<Axis>0 1 0</Axis>
</ConstraintGeometry>
<ConstraintGeometry geomType="cylinder">
<InstancePath>
<Uid>Base Spacer-1</Uid>
</InstancePath>
<Position>0 0.070000000000000007 0</Position>
<Axis>0 -1 0</Axis>
</ConstraintGeometry>
</Concentric>
<Concentric name="Concentric6">
<ConstraintGeometry geomType="cylinder">
<InstancePath>
<Uid>Base Plate 1-1</Uid>
</InstancePath>
<Position>0 0 -0.0625</Position>
<Axis>0 1 0</Axis>
</ConstraintGeometry>
<ConstraintGeometry geomType="cylinder">
<InstancePath>
<Uid>Base Spacer-2</Uid>
</InstancePath>
<Position>0 0.070000000000000007 0</Position>
<Axis>0 -1 0</Axis>
</ConstraintGeometry>
</Concentric>
<Coincident name="Coincident4">
<ConstraintGeometry geomType="plane">
<InstancePath>
<Uid>Base Plate 2-1</Uid>
</InstancePath>
<Position>0 0 0</Position>
<Axis>0 -1 0</Axis>
</ConstraintGeometry>
<ConstraintGeometry geomType="plane">
<InstancePath>
<Uid>Base Spacer-3</Uid>
</InstancePath>
<Position>0 0.070000000000000007 0</Position>
<Axis>0 1 0</Axis>
</ConstraintGeometry>
</Coincident>
<Concentric name="Concentric7">
<ConstraintGeometry geomType="cylinder">
<InstancePath>
<Uid>Base Plate 2-1</Uid>
</InstancePath>
<Position>0.054126587736527267 0 0.031250000000000271</Position>
<Axis>0 1 0</Axis>
</ConstraintGeometry>
<ConstraintGeometry geomType="cylinder">
<InstancePath>
<Uid>Base Spacer-3</Uid>
</InstancePath>
<Position>0 0.070000000000000007 0</Position>
<Axis>0 -1 0</Axis>
</ConstraintGeometry>
</Concentric>
<Concentric name="Concentric8">
<ConstraintGeometry geomType="cylinder">
<InstancePath>
<Uid>Base Plate 2-1</Uid>
</InstancePath>
<Position>-0.05412658773652726 0 0.031250000000000257</Position>
<Axis>0 1 0</Axis>
</ConstraintGeometry>
<ConstraintGeometry geomType="cylinder">
<InstancePath>
<Uid>Base Spacer-1</Uid>
</InstancePath>
<Position>0 0.070000000000000007 0</Position>
<Axis>0 -1 0</Axis>
</ConstraintGeometry>
</Concentric>
<Concentric name="Concentric9">
<ConstraintGeometry geomType="cylinder">
<InstancePath>
<Uid>Base Spacer-3</Uid>
</InstancePath>
<Position>0 0.070000000000000007 0</Position>
<Axis>0 -1 0</Axis>
</ConstraintGeometry>
<ConstraintGeometry geomType="cylinder">
<InstancePath>
<Uid>Base Bolt-1</Uid>
</InstancePath>
<Position>0 0.087999999999999995 0</Position>
<Axis>0 -1 0</Axis>
</ConstraintGeometry>
</Concentric>
<Concentric name="Concentric10">
<ConstraintGeometry geomType="cylinder">
<InstancePath>
<Uid>Base Spacer-1</Uid>
</InstancePath>
<Position>0 0.070000000000000007 0</Position>
<Axis>0 -1 0</Axis>
</ConstraintGeometry>
<ConstraintGeometry geomType="cylinder">
<InstancePath>
<Uid>Base Bolt-2</Uid>
</InstancePath>
<Position>0 0.087999999999999995 0</Position>
<Axis>0 -1 0</Axis>
</ConstraintGeometry>
</Concentric>
<Concentric name="Concentric11">
<ConstraintGeometry geomType="cylinder">
<InstancePath>
<Uid>Base Spacer-2</Uid>
</InstancePath>
<Position>0 0.070000000000000007 0</Position>
<Axis>0 -1 0</Axis>
</ConstraintGeometry>
<ConstraintGeometry geomType="cylinder">
<InstancePath>
<Uid>Base Bolt-3</Uid>
</InstancePath>
<Position>0 0.087999999999999995 0</Position>
<Axis>0 -1 0</Axis>
</ConstraintGeometry>
</Concentric>
<Coincident name="Coincident5">
<ConstraintGeometry geomType="plane">
<InstancePath>
<Uid>Base Plate 2-1</Uid>
</InstancePath>
<Position>0 0.0040000000000000036 -0.0625</Position>
<Axis>0 1 0</Axis>
</ConstraintGeometry>
<ConstraintGeometry geomType="plane">
<InstancePath>
<Uid>Base Bolt-3</Uid>
</InstancePath>
<Position>0 0.087999999999999995 0</Position>
<Axis>0 -1 0</Axis>
</ConstraintGeometry>
</Coincident>
<Coincident name="Coincident6">
<ConstraintGeometry geomType="plane">
<InstancePath>
<Uid>Base Plate 2-1</Uid>
</InstancePath>
<Position>-0.05412658773652726 0.0040000000000000036 0.031250000000000257</Position>
<Axis>0 1 0</Axis>
</ConstraintGeometry>
<ConstraintGeometry geomType="plane">
<InstancePath>
<Uid>Base Bolt-2</Uid>
</InstancePath>
<Position>0 0.087999999999999995 0</Position>
<Axis>0 -1 0</Axis>
</ConstraintGeometry>
</Coincident>
<Coincident name="Coincident7">
<ConstraintGeometry geomType="plane">
<InstancePath>
<Uid>Base Plate 2-1</Uid>
</InstancePath>
<Position>0.054126587736527267 0.0040000000000000036 0.031250000000000271</Position>
<Axis>0 1 0</Axis>
</ConstraintGeometry>
<ConstraintGeometry geomType="plane">
<InstancePath>
<Uid>Base Bolt-1</Uid>
</InstancePath>
<Position>0 0.087999999999999995 0</Position>
<Axis>0 -1 0</Axis>
</ConstraintGeometry>
</Coincident>
<Coincident name="Coincident26">
<ConstraintGeometry geomType="plane">
<InstancePath>
<Uid>Arm 1-1</Uid>
</InstancePath>
<Position>0.039576564013118626 0.041000000000000016 -0.026311393382005468</Position>
<Axis>0 1.6653345369377348e-016 -1</Axis>
</ConstraintGeometry>
<ConstraintGeometry geomType="plane">
<InstancePath>
<Uid>Arm 2-1</Uid>
</InstancePath>
<Position>0.039576564013118654 0.041000000000000009 -0.02631139338200545</Position>
<Axis>0 0 -1</Axis>
</ConstraintGeometry>
</Coincident>
<Coincident name="Coincident27">
<ConstraintGeometry geomType="plane">
<InstancePath>
<Uid>Arm 1-1</Uid>
</InstancePath>
<Position>0.079166593722130391 0 -0.022702702629674915</Position>
<Axis>0 -1 1.1102230246251565e-016</Axis>
</ConstraintGeometry>
<ConstraintGeometry geomType="plane">
<InstancePath>
<Uid>Arm 2-1</Uid>
</InstancePath>
<Position>0.041500781915922158 0.041000000000000002 -0.022826725419579148</Position>
<Axis>0 1 0</Axis>
</ConstraintGeometry>
</Coincident>
<Coincident name="Coincident29">
<ConstraintGeometry geomType="plane">
<InstancePath>
<Uid>Arm 1-1</Uid>
</InstancePath>
<Position>0.15804952756645718 0.041000000000000009 -0.0066152383217612971</Position>
<Axis>1 0 0</Axis>
</ConstraintGeometry>
<ConstraintGeometry geomType="plane">
<InstancePath>
<Uid>Arm 2-1</Uid>
</InstancePath>
<Position>0.15804952756645721 0.040999999999999988 -0.0066152383217612798</Position>
<Axis>1.0000000000000002 0 0</Axis>
</ConstraintGeometry>
</Coincident>
<Concentric name="Concentric24">
<ConstraintGeometry geomType="cylinder">
<InstancePath>
<Uid>Upper Arm Spacer-1</Uid>
</InstancePath>
<Position>0 0.059999999999999984 0</Position>
<Axis>0 -0.99999999999999978 0</Axis>
</ConstraintGeometry>
<ConstraintGeometry geomType="cylinder">
<InstancePath>
<Uid>Front Arm 2-1</Uid>
</InstancePath>
<Position>0.12 0.0030000000000000027 0</Position>
<Axis>0 -1 0</Axis>
</ConstraintGeometry>
</Concentric>
<Coincident name="Coincident30">
<ConstraintGeometry geomType="plane">
<InstancePath>
<Uid>Upper Arm Spacer-1</Uid>
</InstancePath>
<Position>0 0.059999999999999984 0</Position>
<Axis>0 0.99999999999999978 0</Axis>
</ConstraintGeometry>
<ConstraintGeometry geomType="plane">
<InstancePath>
<Uid>Front Arm 2-1</Uid>
</InstancePath>
<Position>-0.082741759392350553 0 0</Position>
<Axis>0 -1 0</Axis>
</ConstraintGeometry>
</Coincident>
<Coincident name="Coincident31">
<ConstraintGeometry geomType="plane">
<InstancePath>
<Uid>Front Arm 1-1</Uid>
</InstancePath>
<Position>-0.082741759392350483 0.0029999999999999888 0</Position>
<Axis>0 1 0</Axis>
</ConstraintGeometry>
<ConstraintGeometry geomType="plane">
<InstancePath>
<Uid>Upper Arm Spacer-1</Uid>
</InstancePath>
<Position>0 0 0</Position>
<Axis>0 -0.99999999999999978 0</Axis>
</ConstraintGeometry>
</Coincident>
<Concentric name="Concentric25">
<ConstraintGeometry geomType="cylinder">
<InstancePath>
<Uid>Front Arm 1-1</Uid>
</InstancePath>
<Position>0.11999999999999997 0.0030000000000000165 0</Position>
<Axis>0 -1 0</Axis>
</ConstraintGeometry>
<ConstraintGeometry geomType="cylinder">
<InstancePath>
<Uid>Upper Arm Spacer-1</Uid>
</InstancePath>
<Position>0 0.059999999999999984 0</Position>
<Axis>0 -0.99999999999999978 0</Axis>
</ConstraintGeometry>
</Concentric>
<Coincident name="Coincident32">
<ConstraintGeometry geomType="plane">
<InstancePath>
<Uid>Upper Arm Spacer-2</Uid>
</InstancePath>
<Position>0 0.059999999999999998 0</Position>
<Axis>1.1102230246251565e-016 0.99999999999999978 0</Axis>
</ConstraintGeometry>
<ConstraintGeometry geomType="plane">
<InstancePath>
<Uid>Front Arm 2-1</Uid>
</InstancePath>
<Position>-0.082741759392350553 0 0</Position>
<Axis>0 -1 0</Axis>
</ConstraintGeometry>
</Coincident>
<Concentric name="Concentric26">
<ConstraintGeometry geomType="cylinder">
<InstancePath>
<Uid>Upper Arm Spacer-2</Uid>
</InstancePath>
<Position>0 0.059999999999999998 0</Position>
<Axis>-1.1102230246251565e-016 -0.99999999999999978 0</Axis>
</ConstraintGeometry>
<ConstraintGeometry geomType="cylinder">
<InstancePath>
<Uid>Front Arm 2-1</Uid>
</InstancePath>
<Position>0.05999999999999997 0.0030000000000000165 0</Position>
<Axis>0 -1 0</Axis>
</ConstraintGeometry>
</Concentric>
<Concentric name="Concentric27">
<ConstraintGeometry geomType="cylinder">
<InstancePath>
<Uid>Front Arm 1-1</Uid>
</InstancePath>
<Position>0.060000000000000026 0.0030000000000000027 0</Position>
<Axis>0 -1 0</Axis>
</ConstraintGeometry>
<ConstraintGeometry geomType="cylinder">
<InstancePath>
<Uid>Upper Arm Spacer-2</Uid>
</InstancePath>
<Position>0 0.059999999999999998 0</Position>
<Axis>-1.1102230246251565e-016 -0.99999999999999978 0</Axis>
</ConstraintGeometry>
</Concentric>
<Coincident name="Coincident33">
<ConstraintGeometry geomType="plane">
<InstancePath>
<Uid>Base Plate 1-1</Uid>
</InstancePath>
<Position>0 0.014 0</Position>
<Axis>0 1 0</Axis>
</ConstraintGeometry>
<ConstraintGeometry geomType="plane">
<InstancePath>
<Uid>Mounting 1-2</Uid>
</InstancePath>
<Position>0 0 -0.035000000000000003</Position>
<Axis>0 -1 0</Axis>
</ConstraintGeometry>
</Coincident>
<Concentric name="Concentric28">
<ConstraintGeometry geomType="cylinder">
<InstancePath>
<Uid>Base Plate 1-1</Uid>
</InstancePath>
<Position>0.010798365755355047 0 0.04725066158399352</Position>
<Axis>0 1 0</Axis>
</ConstraintGeometry>
<ConstraintGeometry geomType="cylinder">
<InstancePath>
<Uid>Mounting 1-2</Uid>
</InstancePath>
<Position>0.043999999999999997 -0.089999999999999997 -0.009999999999999995</Position>
<Axis>0 1 0</Axis>
</ConstraintGeometry>
</Concentric>
<Concentric name="Concentric29">
<ConstraintGeometry geomType="cylinder">
<InstancePath>
<Uid>Base Plate 1-1</Uid>
</InstancePath>
<Position>-0.015201634244644949 0 0.04725066158399352</Position>
<Axis>0 1 0</Axis>
</ConstraintGeometry>
<ConstraintGeometry geomType="cylinder">
<InstancePath>
<Uid>Mounting 1-2</Uid>
</InstancePath>
<Position>0.018000000000000002 -0.089999999999999997 -0.009999999999999995</Position>
<Axis>0 1 0</Axis>
</ConstraintGeometry>
</Concentric>
<Distance name="Distance3">
<ConstraintGeometry geomType="plane">
<InstancePath>
<Uid>Front Arm 2-1</Uid>
</InstancePath>
<Position>-0.082741759392350539 0.0030000000000000131 0</Position>
<Axis>0 1 0</Axis>
</ConstraintGeometry>
<ConstraintGeometry geomType="plane">
<InstancePath>
<Uid>Arm 1-1</Uid>
</InstancePath>
<Position>0.0850495275664572 0.041000000000000023 -0.0066152383217613041</Position>
<Axis>0 1.6653345369377348e-016 -1</Axis>
</ConstraintGeometry>
</Distance>
<Concentric name="Concentric30">
<ConstraintGeometry geomType="cylinder">
<InstancePath>
<Uid>Arm 1-1</Uid>
</InstancePath>
<Position>0.13499166435056492 0.021000000000000005 -0.013615238321761276</Position>
<Axis>0 -1.6653345369377348e-016 1</Axis>
</ConstraintGeometry>
<ConstraintGeometry geomType="cylinder">
<InstancePath>
<Uid>Front Arm 2-1</Uid>
</InstancePath>
<Position>0 0.0030000000000000165 0</Position>
<Axis>0 -1 0</Axis>
</ConstraintGeometry>
</Concentric>
<Concentric name="Concentric40">
<ConstraintGeometry geomType="cylinder">
<InstancePath>
<Uid>Mounting 1-2</Uid>
</InstancePath>
<Position>0.0060000000000000053 -1.0000000000010001e-006 -0.026999999999999996</Position>
<Axis>0 1 0</Axis>
</ConstraintGeometry>
<ConstraintGeometry geomType="cylinder">
<InstancePath>
<Uid>Servo Motor 16-3</Uid>
</InstancePath>
<Position>-0.0040000000000000036 -0.0090000000000000011 -0.014999999999999999</Position>
<Axis>0 1 0</Axis>
</ConstraintGeometry>
</Concentric>
<Concentric name="Concentric41">
<ConstraintGeometry geomType="cylinder">
<InstancePath>
<Uid>Mounting 1-2</Uid>
</InstancePath>
<Position>0.0060000000000000053 -1.0000000000010001e-006 -0.017000000000000001</Position>
<Axis>0 1 0</Axis>
</ConstraintGeometry>
<ConstraintGeometry geomType="cylinder">
<InstancePath>
<Uid>Servo Motor 16-3</Uid>
</InstancePath>
<Position>-0.0040000000000000036 -0.0090000000000000011 -0.0050000000000000044</Position>
<Axis>0 1 0</Axis>
</ConstraintGeometry>
</Concentric>
<Coincident name="Coincident39">
<ConstraintGeometry geomType="plane">
<InstancePath>
<Uid>Mounting 1-2</Uid>
</InstancePath>
<Position>0 0.039999999999999994 -0.012000000000000011</Position>
<Axis>0 1 0</Axis>
</ConstraintGeometry>
<ConstraintGeometry geomType="plane">
<InstancePath>
<Uid>Servo Motor 16-3</Uid>
</InstancePath>
<Position>-0.0065000000000000058 0.029999999999999999 -0.075081757415681641</Position>
<Axis>0 -1 0</Axis>
</ConstraintGeometry>
</Coincident>
<Coincident name="Coincident41">
<ConstraintGeometry geomType="plane">
<InstancePath>
<Uid>Front Arm 1-1</Uid>
</InstancePath>
<Position>-0.082741759392350497 0 0</Position>
<Axis>0 -1 0</Axis>
</ConstraintGeometry>
<ConstraintGeometry geomType="plane">
<InstancePath>
<Uid>Servo Motor 6-1</Uid>
</InstancePath>
<Position>-0.00500000000000006 0.016000000000000014 -0.012000000000000011</Position>
<Axis>-3.8857805861880479e-016 -1 0</Axis>
</ConstraintGeometry>
</Coincident>
<Coincident name="Coincident42">
<ConstraintGeometry geomType="plane">
<InstancePath>
<Uid>Front Arm 1-1</Uid>
</InstancePath>
<Position>0.16200000000000001 -0.0070000000000000062 -0.0059999999999999776</Position>
<Axis>0 0 1</Axis>
</ConstraintGeometry>
<ConstraintGeometry geomType="plane">
<InstancePath>
<Uid>Servo Motor 6-1</Uid>
</InstancePath>
<Position>0 0.022000000000000006 0</Position>
<Axis>0 0 0.99999999999999989</Axis>
</ConstraintGeometry>
</Coincident>
<Coincident name="Coincident43">
<ConstraintGeometry geomType="plane">
<InstancePath>
<Uid>Front Arm 1-1</Uid>
</InstancePath>
<Position>0.16200000000000001 -0.0070000000000000062 -0.0059999999999999776</Position>
<Axis>1 0 0</Axis>
</ConstraintGeometry>
<ConstraintGeometry geomType="plane">
<InstancePath>
<Uid>Servo Motor 6-1</Uid>
</InstancePath>
<Position>0 0.022000000000000006 0</Position>
<Axis>-1 -1.6653345369377348e-016 0</Axis>
</ConstraintGeometry>
</Coincident>
<Concentric name="Concentric42">
<ConstraintGeometry geomType="cylinder">
<InstancePath>
<Uid>Front Arm 2-1</Uid>
</InstancePath>
<Position>0.17999999999999994 0.0030000000000000443 0</Position>
<Axis>0 -1 0</Axis>
</ConstraintGeometry>
<ConstraintGeometry geomType="cylinder">
<InstancePath>
<Uid>WRIST ASSEMBLE-1</Uid>
<Uid>Wrist 1-1</Uid>
</InstancePath>
<Position>0.020000000000000018 0.019595917942265395 -0.0069999999999999785</Position>
<Axis>0 0 1</Axis>
</ConstraintGeometry>
</Concentric>
<Distance name="Distance5">
<ConstraintGeometry geomType="plane">
<InstancePath>
<Uid>WRIST ASSEMBLE-1</Uid>
<Uid>Wrist 1-1</Uid>
</InstancePath>
<Position>0.020000000000000018 0.019595917942265395 0</Position>
<Axis>0 0 -1</Axis>
</ConstraintGeometry>
<ConstraintGeometry geomType="plane">
<InstancePath>
<Uid>Front Arm 2-1</Uid>
</InstancePath>
<Position>-0.082741759392350553 0 0</Position>
<Axis>0 -1 0</Axis>
</ConstraintGeometry>
</Distance>
<Coincident name="Coincident45">
<ConstraintGeometry geomType="plane">
<InstancePath>
<Uid>Arm 2-1</Uid>
</InstancePath>
<Position>0 0.040999999999999995 0</Position>
<Axis>0 0 -1</Axis>
</ConstraintGeometry>
<ConstraintGeometry geomType="plane">
<InstancePath>
<Uid>Motor Head-3</Uid>
</InstancePath>
<Position>0 0 0</Position>
<Axis>0 -1 0</Axis>
</ConstraintGeometry>
</Coincident>
<Concentric name="Concentric44">
<ConstraintGeometry geomType="cylinder">
<InstancePath>
<Uid>Servo Motor 16-1</Uid>
</InstancePath>
<Position>0.032000000000000001 0.046999999999999993 -0.0099999999999999811</Position>
<Axis>0 -1 0</Axis>
</ConstraintGeometry>
<ConstraintGeometry geomType="cylinder">
<InstancePath>
<Uid>Motor Head-3</Uid>
</InstancePath>
<Position>0 0.0020000000000000018 0</Position>
<Axis>0 1 0</Axis>
</ConstraintGeometry>
</Concentric>
<Coincident name="Coincident46">
<ConstraintGeometry geomType="plane">
<InstancePath>
<Uid>Arm 2-1</Uid>
</InstancePath>
<Position>0.085049527566457256 0.041000000000000009 -0.003615238321761291</Position>
<Axis>0 0 1</Axis>
</ConstraintGeometry>
<ConstraintGeometry geomType="plane">
<InstancePath>
<Uid>Servo Motor 16-4</Uid>
</InstancePath>
<Position>-0.006499999999999978 0.030000000000000006 -0.075081757415681655</Position>
<Axis>0 -1.0000000000000002 0</Axis>
</ConstraintGeometry>
</Coincident>
<Concentric name="Concentric45">
<ConstraintGeometry geomType="cylinder">
<InstancePath>
<Uid>Arm 2-1</Uid>
</InstancePath>
<Position>0.15004952756645731 0.025000000000000015 0.0030000000000000027</Position>
<Axis>0 0 -1</Axis>
</ConstraintGeometry>
<ConstraintGeometry geomType="cylinder">
<InstancePath>
<Uid>Servo Motor 16-4</Uid>
</InstancePath>
<Position>0.046000000000000013 -0.009000000000000008 -0.014999999999999972</Position>
<Axis>0 1.0000000000000002 0</Axis>
</ConstraintGeometry>
</Concentric>
<Concentric name="Concentric46">
<ConstraintGeometry geomType="cylinder">
<InstancePath>
<Uid>Arm 2-1</Uid>
</InstancePath>
<Position>0.15004952756645726 0.015000000000000006 0.0030000000000000027</Position>
<Axis>0 0 -1</Axis>
</ConstraintGeometry>
<ConstraintGeometry geomType="cylinder">
<InstancePath>
